alpha=0.500000
beta=0.500000
ntopics=8
ndocs=368
nwords=16
liter=1000
