0.300000 0.100000 0.100000 0.100000 0.100000 0.100000 0.100000 0.100000 
0.095833 0.120833 0.045833 0.545833 0.004167 0.095833 0.054167 0.037500 
0.920290 0.007246 0.007246 0.007246 0.021739 0.007246 0.007246 0.021739 
0.001550 0.063533 0.026343 0.344525 0.357955 0.024277 0.151343 0.030475 
0.054007 0.189895 0.005226 0.412892 0.005226 0.008711 0.127178 0.196864 
0.025204 0.072888 0.042916 0.037466 0.647820 0.057902 0.112398 0.003406 
0.268519 0.009259 0.120370 0.009259 0.009259 0.546296 0.009259 0.027778 
0.008578 0.087010 0.162990 0.234069 0.033088 0.275735 0.194853 0.003676 
0.012015 0.013863 0.350277 0.193161 0.052680 0.248614 0.084104 0.045287 
0.056391 0.041353 0.146617 0.124060 0.206767 0.169173 0.146617 0.109023 
0.000943 0.019811 0.314151 0.197170 0.283962 0.059434 0.057547 0.066981 
0.046429 0.182143 0.003571 0.003571 0.246429 0.182143 0.282143 0.053571 
0.000765 0.002294 0.201070 0.230122 0.003823 0.162844 0.349388 0.049694 
0.500000 0.064103 0.012821 0.141026 0.012821 0.012821 0.217949 0.038462 
0.011244 0.060720 0.008246 0.059220 0.071214 0.053223 0.661919 0.074213 
0.023636 0.085455 0.336364 0.198182 0.118182 0.216364 0.016364 0.005455 
0.002564 0.031624 0.337607 0.247009 0.339316 0.002564 0.005983 0.033333 
0.000862 0.019828 0.564655 0.081897 0.316379 0.004310 0.009483 0.002586 
0.080645 0.209677 0.016129 0.016129 0.370968 0.016129 0.112903 0.177419 
0.014658 0.008143 0.060261 0.180782 0.027687 0.004886 0.600977 0.102606 
0.004931 0.012821 0.318540 0.468442 0.000986 0.113412 0.030572 0.050296 
0.006281 0.061558 0.234925 0.207286 0.041457 0.003769 0.428392 0.016332 
0.480501 0.037604 0.032033 0.321727 0.001393 0.043175 0.051532 0.032033 
0.001269 0.059645 0.379442 0.328680 0.026650 0.031726 0.102792 0.069797 
0.004505 0.065766 0.550450 0.249550 0.058559 0.000901 0.008108 0.062162 
0.058333 0.158333 0.025000 0.008333 0.008333 0.491667 0.058333 0.191667 
0.404977 0.006787 0.074661 0.033937 0.260181 0.201357 0.015837 0.002262 
0.011530 0.013627 0.042977 0.277778 0.330189 0.080713 0.240042 0.003145 
0.003329 0.007324 0.107190 0.390812 0.049933 0.023302 0.398802 0.019308 
0.614754 0.008197 0.008197 0.073770 0.270492 0.008197 0.008197 0.008197 
0.003846 0.003846 0.219231 0.111538 0.057692 0.473077 0.073077 0.057692 
0.594017 0.004274 0.029915 0.200855 0.029915 0.004274 0.012821 0.123932 
0.027174 0.016304 0.005435 0.005435 0.027174 0.005435 0.005435 0.907609 
0.001059 0.081568 0.210805 0.236229 0.306144 0.149364 0.013771 0.001059 
0.016871 0.016871 0.587423 0.059816 0.087423 0.219325 0.001534 0.010736 
0.030806 0.087678 0.016588 0.481043 0.016588 0.348341 0.002370 0.016588 
0.015101 0.256711 0.075503 0.072148 0.286913 0.276846 0.011745 0.005034 
0.345745 0.015957 0.015957 0.164894 0.079787 0.196809 0.154255 0.026596 
0.005400 0.001080 0.245140 0.664147 0.005400 0.001080 0.005400 0.072354 
0.002155 0.045259 0.040948 0.398707 0.161638 0.079741 0.079741 0.191810 
0.350000 0.050000 0.050000 0.050000 0.050000 0.050000 0.250000 0.150000 
0.004912 0.034381 0.279961 0.252456 0.156189 0.154224 0.073674 0.044204 
0.780255 0.035032 0.015924 0.003185 0.085987 0.022293 0.054140 0.003185 
0.000894 0.000894 0.296064 0.423077 0.181574 0.083184 0.004472 0.009839 
0.108491 0.051887 0.080189 0.004717 0.023585 0.268868 0.014151 0.448113 
0.173469 0.357143 0.275510 0.010204 0.051020 0.010204 0.112245 0.010204 
0.021368 0.004274 0.038462 0.269231 0.158120 0.072650 0.423077 0.012821 
0.865741 0.004630 0.032407 0.032407 0.023148 0.023148 0.013889 0.004630 
0.604762 0.004762 0.004762 0.176190 0.138095 0.061905 0.004762 0.004762 
0.004139 0.032285 0.512417 0.182947 0.032285 0.060430 0.143212 0.032285 
0.013686 0.046533 0.583029 0.008212 0.044708 0.073905 0.145073 0.084854 
0.043578 0.034404 0.002294 0.332569 0.006881 0.016055 0.204128 0.360092 
0.071154 0.159615 0.075000 0.336538 0.017308 0.001923 0.171154 0.167308 
0.005654 0.046042 0.170436 0.226979 0.015347 0.010501 0.522617 0.002423 
0.054521 0.017287 0.458777 0.001330 0.155585 0.206117 0.105053 0.001330 
0.038462 0.115385 0.038462 0.038462 0.115385 0.192308 0.038462 0.423077 
0.005014 0.010745 0.072350 0.119628 0.005014 0.090974 0.568052 0.128223 
0.054965 0.242908 0.005319 0.384752 0.164894 0.019504 0.062057 0.065603 
0.042702 0.014752 0.173137 0.064441 0.280280 0.359472 0.062888 0.002329 
0.029018 0.158482 0.390625 0.167411 0.122768 0.020089 0.064732 0.046875 
0.000430 0.001290 0.064918 0.223130 0.000430 0.065778 0.571367 0.072657 
0.016667 0.083333 0.016667 0.083333 0.016667 0.650000 0.050000 0.083333 
0.833333 0.018519 0.018519 0.055556 0.018519 0.018519 0.018519 0.018519 
0.070106 0.025132 0.376984 0.085979 0.064815 0.228836 0.109788 0.038360 
0.118070 0.003080 0.389117 0.097536 0.005133 0.247433 0.070842 0.068789 
0.006884 0.001877 0.478723 0.198373 0.175845 0.096996 0.031915 0.009387 
0.013636 0.034848 0.486364 0.122727 0.180303 0.056061 0.092424 0.013636 
0.009653 0.202703 0.306950 0.086873 0.129344 0.237452 0.001931 0.025097 
0.085366 0.075610 0.021951 0.475610 0.163415 0.017073 0.134146 0.026829 
0.003043 0.045639 0.372211 0.108519 0.268763 0.163286 0.031440 0.007099 
0.041005 0.022487 0.324074 0.091270 0.025132 0.257937 0.236772 0.001323 
0.001160 0.165893 0.063805 0.312065 0.198376 0.010441 0.184455 0.063805 
0.751748 0.003497 0.003497 0.017483 0.080420 0.031469 0.080420 0.031469 
0.046537 0.001082 0.014069 0.187229 0.293290 0.375541 0.001082 0.081169 
0.198171 0.228659 0.003049 0.015244 0.045732 0.423780 0.009146 0.076220 
0.019313 0.053648 0.002146 0.298283 0.156652 0.092275 0.319742 0.057940 
0.398438 0.210938 0.007812 0.007812 0.070312 0.101562 0.023438 0.179688 
0.528571 0.014286 0.071429 0.071429 0.014286 0.042857 0.242857 0.014286 
0.161111 0.138889 0.127778 0.005556 0.072222 0.005556 0.394444 0.094444 
0.416256 0.002463 0.421182 0.007389 0.002463 0.066502 0.022167 0.061576 
0.662500 0.012500 0.012500 0.187500 0.012500 0.087500 0.012500 0.012500 
0.015254 0.045763 0.337288 0.269492 0.120339 0.208475 0.001695 0.001695 
0.068665 0.086074 0.076402 0.265957 0.169246 0.037718 0.281431 0.014507 
0.012009 0.029476 0.470524 0.145197 0.040393 0.197598 0.081878 0.022926 
0.765193 0.019337 0.002762 0.102210 0.019337 0.030387 0.046961 0.013812 
0.078547 0.122466 0.117399 0.065034 0.005912 0.056588 0.429899 0.124155 
0.002463 0.005747 0.183087 0.102627 0.073071 0.151888 0.439245 0.041872 
0.001781 0.057601 0.211995 0.428147 0.266627 0.019596 0.013658 0.000594 
0.186391 0.002959 0.073964 0.304734 0.014793 0.002959 0.281065 0.133136 
0.003205 0.372863 0.001068 0.152778 0.206197 0.037393 0.193376 0.033120 
0.007440 0.078869 0.197917 0.397321 0.224702 0.043155 0.034226 0.016369 
0.117347 0.003061 0.015306 0.558163 0.282653 0.011224 0.005102 0.007143 
0.003546 0.166667 0.145390 0.216312 0.180851 0.039007 0.117021 0.131206 
0.013889 0.162037 0.050926 0.013889 0.310185 0.032407 0.337963 0.078704 
0.006812 0.006812 0.426431 0.012262 0.178474 0.232970 0.036785 0.099455 
0.005631 0.012387 0.597973 0.291667 0.016892 0.010135 0.064189 0.001126 
0.009819 0.006798 0.023414 0.186556 0.429758 0.342145 0.000755 0.000755 
0.042593 0.235185 0.031481 0.016667 0.135185 0.083333 0.401852 0.053704 
0.546154 0.007692 0.007692 0.315385 0.023077 0.007692 0.084615 0.007692 
0.296053 0.006579 0.006579 0.006579 0.059211 0.230263 0.361842 0.032895 
0.023985 0.012915 0.060886 0.529520 0.057196 0.293358 0.009225 0.012915 
0.001953 0.169922 0.111328 0.271484 0.169922 0.009766 0.224609 0.041016 
0.026923 0.103846 0.026923 0.257692 0.165385 0.142308 0.242308 0.034615 
0.013024 0.022084 0.075311 0.078709 0.023216 0.039071 0.711778 0.036806 
0.009309 0.022606 0.248670 0.506649 0.099734 0.046543 0.062500 0.003989 
0.078704 0.087963 0.199074 0.356481 0.023148 0.041667 0.171296 0.041667 
0.001740 0.009861 0.347448 0.187355 0.400812 0.001740 0.035383 0.015661 
0.002591 0.014680 0.429188 0.159758 0.182211 0.132124 0.054404 0.025043 
0.001592 0.017516 0.431529 0.046178 0.218153 0.113057 0.113057 0.058917 
0.038845 0.014940 0.162351 0.403386 0.014940 0.118526 0.242032 0.004980 
0.010301 0.015055 0.504754 0.230586 0.054675 0.003962 0.165610 0.015055 
0.006024 0.010843 0.107229 0.312048 0.044578 0.140964 0.304819 0.073494 
0.013761 0.059633 0.004587 0.022936 0.096330 0.178899 0.472477 0.151376 
0.007799 0.009532 0.018198 0.728769 0.167244 0.002600 0.000867 0.064991 
0.001618 0.027508 0.263754 0.014563 0.344660 0.030744 0.286408 0.030744 
0.002907 0.043605 0.212209 0.258721 0.031977 0.084302 0.328488 0.037791 
0.250000 0.016667 0.216667 0.083333 0.016667 0.016667 0.383333 0.016667 
0.833333 0.006667 0.006667 0.046667 0.033333 0.006667 0.046667 0.020000 
0.010549 0.002110 0.449367 0.187764 0.052743 0.234177 0.061181 0.002110 
0.023546 0.023546 0.084488 0.342105 0.006925 0.056787 0.452909 0.009695 
0.015366 0.091017 0.131206 0.135934 0.391253 0.183215 0.003546 0.048463 
0.002439 0.124390 0.226829 0.339024 0.119512 0.060976 0.100000 0.026829 
0.074653 0.064236 0.123264 0.137153 0.022569 0.053819 0.498264 0.026042 
0.010324 0.007375 0.323009 0.275811 0.075221 0.007375 0.213864 0.087021 
0.006250 0.468750 0.006250 0.306250 0.043750 0.006250 0.056250 0.106250 
0.050308 0.001027 0.218686 0.565708 0.003080 0.054415 0.066735 0.040041 
0.135379 0.048736 0.146209 0.207581 0.092058 0.203971 0.124549 0.041516 
0.123881 0.082090 0.261194 0.049254 0.111940 0.270149 0.055224 0.046269 
0.003937 0.011811 0.011811 0.114173 0.098425 0.011811 0.665354 0.082677 
0.009186 0.009186 0.329396 0.137795 0.295276 0.174541 0.006562 0.038058 
0.013258 0.104167 0.179924 0.301136 0.077652 0.164773 0.157197 0.001894 
0.668478 0.038043 0.005435 0.081522 0.005435 0.146739 0.016304 0.038043 
0.859375 0.015625 0.015625 0.015625 0.046875 0.015625 0.015625 0.015625 
0.618881 0.010490 0.003497 0.150350 0.017483 0.087413 0.108392 0.003497 
0.004167 0.001389 0.365278 0.190278 0.220833 0.065278 0.134722 0.018056 
0.065438 0.015883 0.140407 0.140407 0.000635 0.088310 0.543202 0.005718 
0.295330 0.031593 0.237637 0.075549 0.053571 0.298077 0.001374 0.006868 
0.025896 0.009960 0.073705 0.077689 0.336653 0.045817 0.412351 0.017928 
0.025275 0.519780 0.146154 0.245055 0.007692 0.027473 0.005495 0.023077 
0.015060 0.557229 0.003012 0.015060 0.201807 0.039157 0.003012 0.165663 
0.022817 0.056548 0.219246 0.028770 0.322421 0.324405 0.010913 0.014881 
0.133205 0.005792 0.009653 0.164093 0.391892 0.021236 0.264479 0.009653 
0.025025 0.005397 0.196762 0.088813 0.016192 0.096663 0.530422 0.040726 
0.021689 0.014840 0.482877 0.042237 0.149543 0.272831 0.014840 0.001142 
0.000914 0.046618 0.264168 0.273309 0.234918 0.123400 0.035649 0.021024 
0.005760 0.132488 0.452765 0.139401 0.058756 0.086406 0.077189 0.047235 
0.108025 0.052469 0.003086 0.163580 0.274691 0.305556 0.052469 0.040123 
0.013566 0.001938 0.521318 0.044574 0.005814 0.323643 0.060078 0.029070 
0.866848 0.013587 0.029891 0.035326 0.002717 0.002717 0.019022 0.029891 
0.023490 0.001119 0.267338 0.088367 0.186801 0.323266 0.003356 0.106264 
0.107143 0.096939 0.627551 0.025510 0.005102 0.015306 0.086735 0.035714 
0.017347 0.001020 0.078571 0.125510 0.160204 0.347959 0.247959 0.021429 
0.452586 0.004310 0.004310 0.038793 0.004310 0.478448 0.004310 0.012931 
0.787736 0.033019 0.004717 0.004717 0.004717 0.155660 0.004717 0.004717 
0.007353 0.742647 0.144608 0.002451 0.046569 0.002451 0.007353 0.046569 
0.001608 0.081994 0.220257 0.143087 0.133441 0.069132 0.274920 0.075563 
0.065217 0.369565 0.065217 0.021739 0.239130 0.021739 0.152174 0.065217 
0.007292 0.034375 0.176042 0.034375 0.023958 0.455208 0.153125 0.115625 
0.117886 0.020325 0.654472 0.069106 0.028455 0.077236 0.004065 0.028455 
0.002385 0.002385 0.112083 0.000795 0.515898 0.094595 0.271065 0.000795 
0.006627 0.000602 0.446386 0.156024 0.142771 0.009036 0.213855 0.024699 
0.008143 0.060261 0.109121 0.079805 0.395765 0.083062 0.047231 0.216612 
0.142606 0.033451 0.241197 0.096831 0.191901 0.181338 0.096831 0.015845 
0.011046 0.000736 0.165685 0.336524 0.121502 0.011046 0.273196 0.080265 
0.627551 0.005102 0.005102 0.209184 0.056122 0.076531 0.015306 0.005102 
0.031469 0.001166 0.127040 0.178322 0.103730 0.168998 0.329837 0.059441 
0.015700 0.010870 0.455314 0.105072 0.329710 0.044686 0.003623 0.035024 
0.005068 0.055743 0.471284 0.092905 0.096284 0.001689 0.265203 0.011824 
0.026316 0.026316 0.026316 0.026316 0.078947 0.131579 0.657895 0.026316 
0.031987 0.042088 0.220539 0.264310 0.200337 0.109428 0.052189 0.079125 
0.002508 0.034281 0.112876 0.244983 0.250000 0.081104 0.253344 0.020903 
0.008475 0.127119 0.347458 0.008475 0.194915 0.245763 0.059322 0.008475 
0.004902 0.008170 0.187908 0.001634 0.014706 0.246732 0.521242 0.014706 
0.003556 0.024893 0.168563 0.434566 0.000711 0.032006 0.288051 0.047653 
0.038726 0.016351 0.455250 0.002582 0.074871 0.076592 0.298623 0.037005 
0.227273 0.045455 0.045455 0.045455 0.136364 0.318182 0.045455 0.136364 
0.019819 0.001699 0.002831 0.205549 0.381087 0.304077 0.061721 0.023216 
0.000776 0.000776 0.188665 0.233696 0.204193 0.020963 0.317547 0.033385 
0.038462 0.320513 0.012821 0.012821 0.166667 0.064103 0.371795 0.012821 
0.001059 0.259534 0.147246 0.098517 0.058263 0.007415 0.261653 0.166314 
0.023810 0.159864 0.003401 0.207483 0.200680 0.248299 0.125850 0.030612 
0.009124 0.034672 0.056569 0.198905 0.231752 0.078467 0.198905 0.191606 
0.550000 0.016667 0.016667 0.016667 0.216667 0.050000 0.116667 0.016667 
0.039273 0.000586 0.084994 0.065064 0.307737 0.267878 0.185815 0.048652 
0.036709 0.003797 0.006329 0.327848 0.327848 0.137975 0.140506 0.018987 
0.047238 0.009448 0.202762 0.159157 0.074855 0.448401 0.057413 0.000727 
0.036993 0.003580 0.189737 0.046539 0.127685 0.325776 0.244630 0.025060 
0.094237 0.005452 0.109813 0.193925 0.027259 0.405763 0.139408 0.024143 
0.032231 0.007438 0.055372 0.121488 0.037190 0.301653 0.432231 0.012397 
0.032222 0.012222 0.174444 0.230000 0.154444 0.301111 0.036667 0.058889 
0.039425 0.015107 0.024687 0.178703 0.284819 0.396094 0.052690 0.008475 
0.070470 0.030201 0.124161 0.332215 0.124161 0.030201 0.224832 0.063758 
0.001462 0.021930 0.507310 0.276316 0.092105 0.010234 0.086257 0.004386 
0.112705 0.010246 0.264344 0.026639 0.465164 0.051230 0.051230 0.018443 
0.046875 0.015625 0.359375 0.130208 0.026042 0.213542 0.203125 0.005208 
0.125954 0.003817 0.031807 0.064885 0.105598 0.194656 0.441476 0.031807 
0.027628 0.023585 0.183962 0.105795 0.154313 0.272911 0.202830 0.028976 
0.020226 0.000470 0.178269 0.108655 0.112418 0.182032 0.388993 0.008937 
0.008152 0.067935 0.105978 0.535326 0.122283 0.133152 0.024457 0.002717 
0.090308 0.112335 0.037445 0.253304 0.306167 0.019824 0.178414 0.002203 
0.038272 0.001235 0.146914 0.003704 0.075309 0.033333 0.280247 0.420988 
0.535398 0.004425 0.013274 0.022124 0.030973 0.075221 0.190265 0.128319 
0.830128 0.009615 0.003205 0.048077 0.022436 0.060897 0.003205 0.022436 
0.068584 0.019912 0.019912 0.313422 0.027286 0.098083 0.452065 0.000737 
0.024425 0.125000 0.096264 0.047414 0.096264 0.136494 0.443966 0.030172 
0.005082 0.001173 0.092651 0.184910 0.091869 0.026192 0.547694 0.050430 
0.000579 0.007523 0.108218 0.147569 0.028356 0.153356 0.544560 0.009838 
0.001656 0.000552 0.112031 0.073400 0.159492 0.168322 0.255519 0.229029 
0.003580 0.003580 0.120525 0.139618 0.003580 0.199284 0.423628 0.106205 
0.005357 0.123214 0.437500 0.201786 0.119643 0.091071 0.012500 0.008929 
0.017405 0.007911 0.346519 0.340190 0.058544 0.068038 0.128165 0.033228 
0.058442 0.040260 0.315584 0.219481 0.053247 0.305195 0.006494 0.001299 
0.020833 0.012897 0.112103 0.002976 0.000992 0.243056 0.451389 0.155754 
0.318966 0.005172 0.053448 0.225862 0.184483 0.108621 0.081034 0.022414 
0.086806 0.093750 0.197917 0.038194 0.197917 0.107639 0.246528 0.031250 
0.003024 0.013105 0.166331 0.537298 0.119960 0.156250 0.001008 0.003024 
0.009191 0.016544 0.465074 0.020221 0.031250 0.001838 0.134191 0.321691 
0.014124 0.000942 0.147834 0.285311 0.053672 0.147834 0.328625 0.021657 
0.179878 0.070122 0.216463 0.088415 0.192073 0.228659 0.021341 0.003049 
0.650442 0.004425 0.004425 0.190265 0.004425 0.119469 0.013274 0.013274 
0.002283 0.025114 0.066210 0.276256 0.125571 0.102740 0.189498 0.212329 
0.846774 0.008065 0.040323 0.008065 0.024194 0.024194 0.008065 0.040323 
0.024566 0.044798 0.128613 0.004335 0.015896 0.420520 0.351156 0.010116 
0.037653 0.021891 0.200525 0.041156 0.133975 0.230298 0.235552 0.098949 
0.000883 0.000883 0.053887 0.742933 0.000883 0.053887 0.011484 0.135159 
0.001761 0.029930 0.674296 0.174296 0.001761 0.001761 0.107394 0.008803 
0.339286 0.089286 0.017857 0.017857 0.017857 0.375000 0.017857 0.125000 
0.815068 0.006849 0.006849 0.020548 0.116438 0.006849 0.020548 0.006849 
0.032328 0.015086 0.510776 0.071121 0.084052 0.140086 0.071121 0.075431 
0.000926 0.002778 0.123148 0.023148 0.200926 0.167593 0.462037 0.019444 
0.077726 0.010441 0.319026 0.038283 0.179814 0.089327 0.270302 0.015081 
0.012957 0.043445 0.119665 0.002287 0.098323 0.141006 0.328506 0.253811 
0.052941 0.111765 0.229412 0.041176 0.017647 0.029412 0.488235 0.029412 
0.035417 0.031250 0.331250 0.139583 0.252083 0.127083 0.056250 0.027083 
0.138889 0.009259 0.416667 0.212963 0.027778 0.101852 0.009259 0.083333 
0.008065 0.427419 0.169355 0.008065 0.040323 0.217742 0.056452 0.072581 
0.000751 0.017267 0.227477 0.329580 0.005255 0.051802 0.364114 0.003754 
0.029661 0.105932 0.563559 0.165254 0.029661 0.063559 0.004237 0.038136 
0.058719 0.126335 0.286477 0.019573 0.097865 0.115658 0.293594 0.001779 
0.160944 0.053648 0.100858 0.027897 0.208155 0.040773 0.401288 0.006438 
0.028799 0.036152 0.145221 0.178309 0.190564 0.316789 0.102328 0.001838 
0.032468 0.006494 0.590909 0.041126 0.015152 0.248918 0.058442 0.006494 
0.021654 0.029528 0.064961 0.438976 0.301181 0.005906 0.005906 0.131890 
0.000537 0.003759 0.126208 0.203545 0.168099 0.000537 0.488185 0.009130 
0.033133 0.039157 0.304217 0.135542 0.189759 0.280120 0.015060 0.003012 
0.006765 0.010455 0.073186 0.117466 0.090406 0.379459 0.319188 0.003075 
0.005190 0.050173 0.257785 0.084775 0.091696 0.140138 0.365052 0.005190 
0.007009 0.250000 0.109813 0.217290 0.067757 0.016355 0.329439 0.002336 
0.083643 0.020446 0.388476 0.191450 0.087361 0.169145 0.039033 0.020446 
0.030093 0.034722 0.136574 0.053241 0.114969 0.127315 0.476080 0.027006 
0.070652 0.016304 0.070652 0.059783 0.298913 0.407609 0.027174 0.048913 
0.001029 0.013374 0.247942 0.365226 0.202675 0.015432 0.124486 0.029835 
0.003906 0.121094 0.339844 0.152344 0.027344 0.003906 0.308594 0.042969 
0.001466 0.001466 0.365103 0.200880 0.010264 0.145161 0.209677 0.065982 
0.013790 0.004334 0.022459 0.175335 0.533885 0.095745 0.124113 0.030339 
0.672414 0.017241 0.017241 0.051724 0.017241 0.189655 0.017241 0.017241 
0.148058 0.070388 0.055825 0.109223 0.012136 0.021845 0.410194 0.172330 
0.037281 0.067982 0.094298 0.063596 0.085526 0.379386 0.269737 0.002193 
0.013889 0.680556 0.041667 0.180556 0.041667 0.013889 0.013889 0.013889 
0.337798 0.019345 0.001488 0.001488 0.004464 0.483631 0.102679 0.049107 
0.032331 0.000752 0.072932 0.187218 0.050376 0.260902 0.390226 0.005263 
0.200552 0.015366 0.046099 0.264381 0.355792 0.077620 0.010638 0.029551 
0.012763 0.000751 0.368619 0.319069 0.141892 0.015766 0.119369 0.021772 
0.034598 0.005580 0.559152 0.025670 0.092634 0.036830 0.186384 0.059152 
0.050971 0.361650 0.293689 0.099515 0.007282 0.172330 0.002427 0.012136 
0.007353 0.026961 0.430556 0.015523 0.089052 0.361928 0.000817 0.067810 
0.077354 0.034753 0.167040 0.353139 0.010090 0.122197 0.133408 0.102018 
0.033505 0.023196 0.002577 0.146907 0.574742 0.182990 0.023196 0.012887 
0.013980 0.050164 0.004112 0.609375 0.185033 0.084704 0.000822 0.051809 
0.012463 0.031525 0.137097 0.103372 0.057918 0.012463 0.641496 0.003666 
0.015260 0.002693 0.216338 0.092460 0.087074 0.333034 0.228905 0.024237 
0.003956 0.000791 0.035601 0.336234 0.280854 0.320411 0.021361 0.000791 
0.024351 0.063312 0.245130 0.021104 0.040584 0.011364 0.472403 0.121753 
0.025452 0.003959 0.097851 0.217760 0.402149 0.074095 0.164593 0.014140 
0.010949 0.003650 0.273723 0.186131 0.120438 0.003650 0.375912 0.025547 
0.044393 0.077103 0.282710 0.067757 0.240654 0.268692 0.016355 0.002336 
0.143836 0.102740 0.034247 0.006849 0.089041 0.226027 0.376712 0.020548 
0.006053 0.066586 0.013317 0.216707 0.407990 0.049637 0.165860 0.073850 
0.059441 0.003497 0.437063 0.388112 0.045455 0.017483 0.038462 0.010490 
0.004902 0.200980 0.083333 0.142157 0.034314 0.308824 0.220588 0.004902 
0.024709 0.074128 0.001453 0.577035 0.004360 0.065407 0.234012 0.018895 
0.001155 0.001155 0.322171 0.229792 0.160508 0.109700 0.095843 0.079677 
0.021903 0.002266 0.071752 0.000755 0.398036 0.245468 0.165408 0.094411 
0.016631 0.805258 0.041309 0.115343 0.002682 0.010193 0.008047 0.000536 
0.066092 0.089080 0.152299 0.186782 0.284483 0.002874 0.192529 0.025862 
0.075000 0.025000 0.525000 0.075000 0.025000 0.075000 0.075000 0.125000 
0.007353 0.007353 0.625000 0.066176 0.022059 0.213235 0.007353 0.051471 
0.137744 0.035792 0.003254 0.447939 0.330803 0.003254 0.040130 0.001085 
0.002304 0.140553 0.131336 0.200461 0.025346 0.080645 0.412442 0.006912 
0.003919 0.000560 0.087906 0.186450 0.016237 0.035274 0.648936 0.020717 
0.014480 0.026405 0.183135 0.140545 0.275128 0.172913 0.183135 0.004259 
0.017495 0.015654 0.229282 0.196133 0.087477 0.199816 0.181400 0.072744 
0.041339 0.037402 0.301181 0.061024 0.120079 0.316929 0.112205 0.009843 
0.035959 0.018836 0.553082 0.053082 0.035959 0.282534 0.001712 0.018836 
0.115776 0.003817 0.110687 0.187023 0.202290 0.321883 0.001272 0.057252 
0.009003 0.036704 0.529778 0.064404 0.122576 0.202909 0.000693 0.033934 
0.002907 0.165698 0.625000 0.055233 0.049419 0.026163 0.031977 0.043605 
0.007883 0.007883 0.199324 0.111486 0.386261 0.007883 0.217342 0.061937 
0.000870 0.743478 0.058261 0.000870 0.174783 0.014783 0.004348 0.002609 
0.010949 0.003650 0.346715 0.032847 0.003650 0.171533 0.419708 0.010949 
0.048387 0.026882 0.026882 0.155914 0.693548 0.005376 0.037634 0.005376 
0.018617 0.114362 0.327128 0.130319 0.140957 0.135638 0.002660 0.130319 
0.000956 0.021989 0.255258 0.241874 0.006692 0.134799 0.297323 0.041109 
0.071429 0.018519 0.616402 0.023810 0.002646 0.193122 0.002646 0.071429 
0.000839 0.017617 0.056208 0.312919 0.158557 0.197148 0.230705 0.026007 
0.010067 0.050336 0.003356 0.365772 0.352349 0.104027 0.063758 0.050336 
0.045732 0.204268 0.094512 0.301829 0.051829 0.265244 0.033537 0.003049 
0.045058 0.050872 0.079942 0.207849 0.207849 0.356105 0.045058 0.007267 
0.034930 0.030938 0.262475 0.258483 0.108782 0.096806 0.136727 0.070858 
0.021605 0.052469 0.200617 0.354938 0.003086 0.003086 0.324074 0.040123 
0.009855 0.016426 0.167543 0.243758 0.218791 0.086071 0.251643 0.005913 
0.059353 0.005396 0.210432 0.433453 0.030576 0.181655 0.044964 0.034173 
0.487654 0.129630 0.018519 0.006173 0.006173 0.277778 0.043210 0.030864 
0.166667 0.129630 0.203704 0.240741 0.018519 0.166667 0.018519 0.055556 
0.008876 0.002959 0.091716 0.417160 0.079882 0.097633 0.298817 0.002959 
0.043662 0.012676 0.370423 0.209859 0.032394 0.271831 0.052113 0.007042 
0.007085 0.001012 0.296559 0.136640 0.268219 0.138664 0.112348 0.039474 
0.021161 0.003023 0.058646 0.201330 0.441959 0.038089 0.231560 0.004232 
0.517606 0.003521 0.017606 0.207746 0.017606 0.045775 0.172535 0.017606 
0.005682 0.301136 0.005682 0.051136 0.289773 0.176136 0.073864 0.096591 
0.015845 0.086268 0.565141 0.012324 0.156690 0.040493 0.058099 0.065141 
0.003356 0.104027 0.070470 0.151007 0.298658 0.224832 0.144295 0.003356 
0.034439 0.067602 0.065051 0.238520 0.126276 0.253827 0.205357 0.008929 
0.086826 0.284431 0.296407 0.116766 0.158683 0.002994 0.050898 0.002994 
0.196203 0.158228 0.145570 0.044304 0.006329 0.044304 0.031646 0.373418 
0.039286 0.089286 0.010714 0.203571 0.103571 0.332143 0.132143 0.089286 
0.016272 0.034024 0.389053 0.001479 0.001479 0.365385 0.190828 0.001479 
0.026912 0.018414 0.409348 0.026912 0.083569 0.162890 0.228045 0.043909 
0.000853 0.011092 0.226109 0.408703 0.098123 0.135666 0.111775 0.007679 
0.005201 0.014116 0.075037 0.311293 0.061664 0.358841 0.135958 0.037890 
0.001629 0.037459 0.480456 0.229642 0.060261 0.057003 0.092834 0.040717 
0.047558 0.003856 0.001285 0.001285 0.001285 0.006427 0.029563 0.908740 
0.004425 0.004425 0.261062 0.114159 0.140708 0.089381 0.344248 0.041593 
0.001134 0.017007 0.146259 0.155329 0.178005 0.402494 0.048753 0.051020 
0.007669 0.087423 0.004601 0.023006 0.121166 0.001534 0.753067 0.001534 
0.084496 0.006977 0.017829 0.171318 0.234884 0.313953 0.117054 0.053488 
0.007267 0.004360 0.042151 0.452035 0.484012 0.001453 0.001453 0.007267 
0.094566 0.022466 0.199060 0.006792 0.299373 0.224138 0.108150 0.045455 
0.079114 0.015823 0.104430 0.117089 0.098101 0.237342 0.344937 0.003165 
0.150815 0.042120 0.349185 0.047554 0.237772 0.156250 0.014946 0.001359 
0.090308 0.055066 0.235683 0.063877 0.002203 0.301762 0.244493 0.006608 
0.025164 0.033917 0.128009 0.147702 0.060175 0.084245 0.504376 0.016411 
0.008475 0.036723 0.539548 0.048023 0.076271 0.002825 0.245763 0.042373 
0.112795 0.018519 0.223906 0.203704 0.001684 0.011785 0.398990 0.028620 
0.002171 0.015195 0.145441 0.132417 0.096237 0.132417 0.475398 0.000724 
0.002415 0.016908 0.393720 0.113527 0.205314 0.128019 0.060386 0.079710 
0.128571 0.006122 0.120408 0.189796 0.042857 0.002041 0.508163 0.002041 
0.002137 0.108974 0.002137 0.100427 0.126068 0.497863 0.087607 0.074786 
0.001613 0.001613 0.275806 0.388710 0.162903 0.117742 0.050000 0.001613 
0.001182 0.046099 0.003546 0.211584 0.585106 0.050827 0.072104 0.029551 
0.032813 0.048438 0.526563 0.035937 0.098437 0.198437 0.020313 0.039062 
0.039535 0.025581 0.020930 0.104651 0.006977 0.253488 0.546512 0.002326 
0.019337 0.004972 0.090055 0.000552 0.050276 0.492265 0.330939 0.011602 
0.045946 0.143243 0.278378 0.051351 0.105405 0.002703 0.364865 0.008108 
0.003937 0.000787 0.125197 0.159843 0.115748 0.304724 0.279528 0.010236 
0.092857 0.150000 0.221429 0.007143 0.135714 0.278571 0.007143 0.107143 
0.014132 0.003365 0.098923 0.256393 0.158143 0.162180 0.257739 0.049125 
0.023438 0.117188 0.445312 0.054688 0.117188 0.117188 0.070312 0.054688 
0.125000 0.025000 0.025000 0.025000 0.075000 0.075000 0.375000 0.275000 
0.004310 0.012931 0.004310 0.004310 0.099138 0.323276 0.461207 0.090517 
0.001618 0.030744 0.069579 0.163430 0.241100 0.341424 0.144013 0.008091 
0.060768 0.001066 0.327292 0.107676 0.201493 0.082090 0.114072 0.105544 
0.119231 0.042308 0.003846 0.042308 0.250000 0.196154 0.334615 0.011538 
0.052941 0.017647 0.170588 0.029412 0.205882 0.429412 0.088235 0.005882 
0.022321 0.004464 0.156250 0.183036 0.066964 0.049107 0.504464 0.013393 
0.201288 0.018455 0.062232 0.144635 0.301717 0.034764 0.208155 0.028755 
0.093750 0.218750 0.031250 0.093750 0.156250 0.093750 0.093750 0.218750 
0.007576 0.159091 0.037879 0.386364 0.022727 0.265152 0.053030 0.068182 
