0.001157 0.306713 0.047454 0.001157 0.357639 0.001157 0.283565 0.001157
0.012827 0.062042 0.000262 0.089267 0.008639 0.087173 0.667277 0.072513
0.010980 0.423142 0.233953 0.000845 0.217061 0.007601 0.041385 0.065034
0.033246 0.248122 0.175995 0.145943 0.104621 0.000188 0.266153 0.025733
0.053181 0.358019 0.038602 0.084327 0.040590 0.027999 0.395129 0.002154
0.089770 0.007601 0.001027 0.440633 0.047864 0.407765 0.005136 0.000205
0.094248 0.044690 0.108407 0.012832 0.120796 0.053540 0.313717 0.251770
0.000622 0.062828 0.078311 0.079693 0.005599 0.108999 0.489425 0.174523
0.017031 0.037151 0.234909 0.111023 0.033702 0.076243 0.371443 0.118497
0.025689 0.180350 0.004502 0.000265 0.117850 0.034163 0.311706 0.325477
0.095347 0.000134 0.164201 0.000672 0.031872 0.063072 0.368612 0.276089
0.000495 0.277723 0.103465 0.000495 0.182673 0.000495 0.317327 0.117327
0.251241 0.000222 0.013872 0.327646 0.001463 0.240427 0.072372 0.092758
0.011194 0.299751 0.001244 0.006219 0.384328 0.001244 0.264925 0.031095
0.000689 0.077824 0.006198 0.705923 0.154959 0.019972 0.028237 0.006198
0.144028 0.005369 0.000094 0.263847 0.023078 0.561888 0.001601 0.000094
0.526165 0.000169 0.015024 0.000844 0.008947 0.401249 0.040007 0.007596
0.003774 0.009078 0.239188 0.071093 0.000102 0.119645 0.462770 0.094349
0.007759 0.211207 0.031897 0.066379 0.197414 0.007759 0.449138 0.028448
0.000378 0.033661 0.010968 0.251513 0.042738 0.251513 0.248487 0.160741
0.133892 0.002732 0.303216 0.000045 0.039823 0.063833 0.266305 0.190154
0.000146 0.108664 0.019982 0.085327 0.009481 0.259189 0.389294 0.127917
0.026178 0.100038 0.207181 0.006725 0.385448 0.000646 0.003533 0.270251
0.046666 0.001238 0.002111 0.034726 0.000073 0.035891 0.574913 0.304383
0.013415 0.057092 0.028806 0.005512 0.008007 0.144031 0.524230 0.218906
0.000424 0.280560 0.120968 0.000424 0.064941 0.029287 0.377334 0.126061
0.011905 0.011905 0.069048 0.021429 0.573810 0.002381 0.307143 0.002381
0.078902 0.162540 0.322172 0.187798 0.023845 0.000028 0.024953 0.199762
0.284962 0.009100 0.000160 0.417146 0.060824 0.227490 0.000160 0.000160
0.000394 0.861593 0.050868 0.000394 0.085568 0.000394 0.000394 0.000394
0.130723 0.164458 0.000602 0.000602 0.188554 0.000602 0.453614 0.060843
0.019311 0.372129 0.353340 0.004697 0.111169 0.002610 0.136221 0.000522
0.268145 0.052016 0.003629 0.269758 0.052016 0.353629 0.000403 0.000403
0.000210 0.000210 0.001049 0.127727 0.021183 0.053901 0.782928 0.012794
0.123587 0.076196 0.172283 0.001848 0.001413 0.020109 0.595326 0.009239
0.051210 0.137719 0.019834 0.126513 0.000560 0.013111 0.622703 0.028351
0.031539 0.000289 0.015336 0.011863 0.046586 0.605613 0.091725 0.197049
0.000204 0.293602 0.341687 0.001019 0.006724 0.070293 0.094743 0.191728
0.148899 0.003344 0.015146 0.267703 0.022227 0.530488 0.002557 0.009638
0.002129 0.157285 0.306764 0.074976 0.077815 0.005913 0.354068 0.021050
0.002475 0.012376 0.210396 0.002475 0.566832 0.002475 0.131188 0.071782
0.075100 0.073498 0.157343 0.007009 0.000067 0.074032 0.314085 0.298865
0.071147 0.391637 0.431042 0.026489 0.052758 0.022110 0.004597 0.000219
0.309283 0.000092 0.012224 0.003401 0.001195 0.667739 0.005974 0.000092
0.072115 0.414423 0.008013 0.002885 0.068269 0.042628 0.355449 0.036218
0.020342 0.107606 0.002653 0.052182 0.132370 0.059257 0.554540 0.071050
0.044360 0.000344 0.012724 0.253439 0.038858 0.106259 0.543673 0.000344
0.004098 0.412113 0.433971 0.000455 0.104281 0.000455 0.029599 0.015027
0.008320 0.406101 0.415610 0.000396 0.122425 0.000396 0.000396 0.046355
0.074896 0.000065 0.171479 0.074120 0.000324 0.089915 0.582405 0.006797
0.065350 0.180916 0.090507 0.138070 0.000098 0.072818 0.450963 0.001278
0.080818 0.285849 0.000314 0.068239 0.038050 0.001572 0.416667 0.108491
0.000193 0.311098 0.000967 0.177301 0.000193 0.079080 0.385344 0.045824
0.027270 0.011507 0.000158 0.111129 0.022226 0.049338 0.401166 0.377207
0.078548 0.005108 0.107261 0.218802 0.042104 0.172971 0.200580 0.174627
0.000392 0.557692 0.000392 0.069466 0.127551 0.031790 0.020801 0.191915
0.083929 0.090268 0.057358 0.038744 0.092022 0.036182 0.004350 0.597147
0.096299 0.373055 0.022749 0.077440 0.000118 0.006247 0.215111 0.208982
0.109856 0.082964 0.143679 0.223246 0.042210 0.055517 0.213543 0.128985
0.067866 0.065265 0.016696 0.019297 0.000217 0.001084 0.716609 0.112966
0.099470 0.071807 0.000052 0.299969 0.005044 0.064320 0.000260 0.459079
0.000195 0.733840 0.002531 0.037578 0.029790 0.017329 0.134151 0.044587
0.004753 0.673954 0.103612 0.000951 0.172053 0.000951 0.031369 0.012357
0.295469 0.054408 0.155518 0.013718 0.000154 0.274507 0.187577 0.018650
0.000345 0.240257 0.165354 0.198245 0.055625 0.055348 0.274530 0.010296
0.161154 0.099615 0.106795 0.042692 0.000128 0.081667 0.495000 0.012949
0.203387 0.009557 0.000168 0.212777 0.004863 0.433434 0.135647 0.000168
0.050759 0.143244 0.000181 0.068100 0.031973 0.042811 0.662753 0.000181
0.000964 0.232267 0.000193 0.138975 0.037972 0.105050 0.435813 0.048766
0.071485 0.181422 0.098441 0.002775 0.000132 0.065143 0.530788 0.049815
0.051743 0.004539 0.142520 0.002360 0.004539 0.032861 0.478758 0.282680
0.000130 0.148105 0.000130 0.211449 0.040109 0.092030 0.507918 0.000130
0.000485 0.511165 0.105340 0.000485 0.111165 0.000485 0.198544 0.072330
0.326311 0.016645 0.144492 0.103351 0.160860 0.138741 0.019741 0.089858
0.001420 0.200915 0.003946 0.328441 0.041193 0.000158 0.378314 0.045612
0.022359 0.202087 0.000213 0.242973 0.059838 0.000213 0.363927 0.108390
0.001576 0.623266 0.094893 0.120113 0.064628 0.000315 0.043190 0.052018
0.002294 0.286697 0.094037 0.002294 0.470183 0.103211 0.038991 0.002294
0.042715 0.512914 0.020199 0.181788 0.100993 0.004305 0.106291 0.030795
0.042094 0.196315 0.213397 0.003538 0.188995 0.009883 0.212909 0.132870
0.001136 0.628409 0.001136 0.014773 0.328409 0.014773 0.005682 0.005682
0.048153 0.015318 0.165714 0.067502 0.001246 0.056655 0.520449 0.124963
0.015466 0.061384 0.081792 0.132812 0.002073 0.000159 0.620695 0.085619
0.127525 0.061440 0.150953 0.075820 0.026862 0.067741 0.331920 0.157740
0.008526 0.388192 0.442889 0.000161 0.005309 0.004665 0.150097 0.000161
0.187674 0.005653 0.026312 0.000907 0.030779 0.002582 0.107831 0.638261
0.052795 0.000061 0.162151 0.042345 0.019016 0.045990 0.346112 0.331531
0.001532 0.000170 0.029442 0.183288 0.001532 0.515487 0.267699 0.000851
0.031153 0.010556 0.280381 0.026004 0.001287 0.000257 0.333934 0.316426
0.000498 0.216919 0.014847 0.219709 0.043942 0.074631 0.319749 0.109705
0.021798 0.040439 0.071106 0.015183 0.038635 0.006164 0.490830 0.315845
0.138636 0.093667 0.629272 0.001085 0.054624 0.008597 0.000026 0.074093
0.192630 0.001103 0.000221 0.365622 0.032877 0.319726 0.087599 0.000221
0.033406 0.015066 0.003712 0.000218 0.042140 0.013319 0.476201 0.415939
0.040473 0.089144 0.183034 0.005264 0.000086 0.080169 0.378409 0.223421
0.013526 0.000093 0.156810 0.000093 0.012034 0.139646 0.578825 0.098974
0.044042 0.150584 0.111799 0.125350 0.000117 0.053855 0.514136 0.000117
0.014605 0.469588 0.031100 0.141065 0.062027 0.093643 0.165120 0.022852
0.038166 0.113144 0.589205 0.052620 0.065266 0.000226 0.127597 0.013776
0.005725 0.285623 0.117684 0.000636 0.191476 0.010814 0.382316 0.005725
0.000332 0.187583 0.146414 0.159695 0.052125 0.058765 0.357570 0.037517
0.012491 0.178131 0.000171 0.002225 0.027550 0.154175 0.442334 0.182923
0.119650 0.126135 0.011997 0.013294 0.034047 0.000324 0.576200 0.118353
0.115048 0.004890 0.055336 0.039550 0.011067 0.023078 0.153483 0.597546
0.133721 0.000434 0.010847 0.045904 0.000087 0.806751 0.001822 0.000434
0.097952 0.444590 0.055935 0.199842 0.037027 0.043330 0.121061 0.000263
0.134904 0.035987 0.424274 0.004983 0.003752 0.041646 0.297306 0.057148
0.043543 0.183440 0.259566 0.059884 0.000498 0.081008 0.371961 0.000100
0.286702 0.000126 0.008170 0.076043 0.011187 0.396807 0.153469 0.067496
0.141955 0.008237 0.358646 0.075337 0.000060 0.000060 0.093855 0.321849
0.019034 0.019034 0.143597 0.185285 0.002559 0.000062 0.409948 0.220482
0.070911 0.119527 0.104395 0.157518 0.000080 0.000080 0.547408 0.000080
0.059582 0.202088 0.000614 0.032555 0.187346 0.005528 0.511671 0.000614
0.000114 0.000572 0.278961 0.017972 0.000114 0.138851 0.561928 0.001488
0.119588 0.158694 0.014839 0.241795 0.000175 0.003666 0.454085 0.007158
0.118532 0.146345 0.011805 0.084250 0.031210 0.001455 0.542853 0.063551
0.015899 0.101425 0.154057 0.002741 0.156250 0.000548 0.320724 0.248355
0.000375 0.474850 0.353228 0.025901 0.078453 0.000375 0.001877 0.064940
0.001306 0.177351 0.153236 0.334104 0.000100 0.009747 0.318027 0.006129
0.084637 0.000130 0.066380 0.173839 0.063250 0.007955 0.146714 0.457094
0.012212 0.271198 0.068433 0.112673 0.028802 0.000230 0.486866 0.019585
0.041784 0.046994 0.000100 0.141583 0.000100 0.060621 0.708317 0.000501
0.000136 0.166893 0.096279 0.384709 0.002852 0.002309 0.184275 0.162548
0.173540 0.098640 0.218569 0.062974 0.014378 0.047815 0.351427 0.032657
0.007157 0.143386 0.021964 0.224334 0.003208 0.053554 0.534304 0.012093
0.133001 0.000471 0.128859 0.008001 0.005365 0.053558 0.421781 0.248965
0.114543 0.120611 0.233745 0.032185 0.000975 0.050824 0.447009 0.000108
0.002781 0.026710 0.518116 0.133889 0.020981 0.000758 0.294321 0.002444
0.171122 0.000219 0.010736 0.625110 0.034400 0.139571 0.018624 0.000219
0.149946 0.006019 0.000669 0.215222 0.011905 0.605805 0.009765 0.000669
0.000272 0.000272 0.001360 0.000272 0.052503 0.879489 0.065560 0.000272
0.001786 0.161786 0.324643 0.047500 0.006071 0.068929 0.221786 0.167500
0.057483 0.509184 0.207143 0.031633 0.047959 0.013946 0.067007 0.065646
0.033895 0.528409 0.115400 0.040948 0.033895 0.000980 0.146748 0.099726
0.071781 0.132106 0.030211 0.135973 0.005462 0.128625 0.266870 0.228973
0.095951 0.031386 0.228478 0.188645 0.003634 0.052530 0.070653 0.328724
0.092396 0.239760 0.358875 0.010476 0.197858 0.000118 0.099929 0.000589
0.037202 0.102221 0.081158 0.116873 0.000572 0.000114 0.599016 0.062843
0.055207 0.000077 0.000077 0.392113 0.010490 0.535452 0.000077 0.006508
0.003139 0.252031 0.006093 0.016433 0.136817 0.000185 0.330318 0.254985
0.019788 0.033301 0.000483 0.027510 0.181950 0.734073 0.000483 0.002413
0.000423 0.429865 0.000085 0.013283 0.000085 0.126650 0.157445 0.272166
0.193464 0.000058 0.000058 0.561798 0.009647 0.232051 0.000058 0.002865
0.050817 0.071773 0.115360 0.070096 0.000105 0.116199 0.458194 0.117456
0.016381 0.007810 0.002557 0.089370 0.000069 0.883121 0.000622 0.000069
0.117651 0.010709 0.070975 0.029616 0.008346 0.004505 0.294609 0.463589
0.024942 0.000144 0.035323 0.048587 0.100490 0.082036 0.639706 0.068772
0.055525 0.276514 0.021578 0.249445 0.001387 0.090138 0.283171 0.022243
0.099815 0.367712 0.413469 0.018635 0.074723 0.007565 0.011993 0.006089
0.178464 0.010994 0.006175 0.348343 0.029669 0.424849 0.000753 0.000753
0.056699 0.083915 0.000872 0.164166 0.009944 0.017620 0.640789 0.025994
0.027905 0.168659 0.171687 0.432729 0.016002 0.001384 0.123238 0.058395
0.007785 0.298032 0.154083 0.300382 0.047738 0.000147 0.191686 0.000147
0.047263 0.187553 0.165312 0.107143 0.098589 0.007913 0.386014 0.000214
0.004404 0.114249 0.001295 0.131865 0.006477 0.001295 0.306995 0.433420
0.092904 0.000205 0.001025 0.371001 0.057629 0.449754 0.023995 0.003486
0.000751 0.000751 0.003754 0.135886 0.237988 0.352102 0.222973 0.045796
0.099135 0.062839 0.105919 0.159854 0.001781 0.049271 0.228714 0.292486
0.080008 0.000192 0.126823 0.000192 0.006332 0.053914 0.617997 0.114543
0.257118 0.002195 0.043707 0.184207 0.000067 0.107304 0.193787 0.211615
0.033458 0.119030 0.014552 0.115547 0.068781 0.000622 0.644900 0.003109
0.080391 0.434399 0.003101 0.205391 0.145277 0.128101 0.000239 0.003101
0.040284 0.004886 0.132836 0.039178 0.010048 0.052083 0.391685 0.329001
0.131694 0.075719 0.117474 0.000076 0.014902 0.023374 0.404917 0.231846
0.009637 0.250000 0.215986 0.011905 0.048186 0.032313 0.431406 0.000567
0.027020 0.127217 0.077194 0.253032 0.000038 0.029142 0.306692 0.179665
0.220125 0.001402 0.001833 0.000108 0.000539 0.764129 0.000108 0.011756
0.000502 0.125402 0.002510 0.160743 0.000904 0.701305 0.008534 0.000100
0.065613 0.218870 0.130747 0.059866 0.073276 0.000479 0.448755 0.002395
0.044458 0.000126 0.143703 0.132116 0.000126 0.000126 0.679219 0.000126
0.075217 0.115390 0.194870 0.105275 0.055564 0.024350 0.428685 0.000650
0.000290 0.166183 0.084977 0.016531 0.227668 0.000290 0.381961 0.122100
0.126216 0.070079 0.000094 0.353013 0.000094 0.266561 0.147174 0.036770
0.279490 0.000627 0.231804 0.000070 0.043572 0.225112 0.216746 0.002579
0.000180 0.238481 0.001620 0.450864 0.023938 0.003780 0.000180 0.280958
0.065883 0.146628 0.159938 0.009982 0.041925 0.153727 0.298358 0.123558
0.169815 0.074495 0.251115 0.180376 0.017776 0.034527 0.103628 0.168267
0.064302 0.187468 0.197838 0.260306 0.002845 0.010180 0.134863 0.142198
0.007679 0.021331 0.017918 0.082765 0.151024 0.594710 0.123720 0.000853
0.000306 0.283048 0.000306 0.214504 0.088433 0.050490 0.335679 0.027234
0.083190 0.000431 0.050431 0.007328 0.029741 0.000431 0.788362 0.040086
0.068006 0.055421 0.060261 0.110600 0.007018 0.000242 0.698209 0.000242
0.037121 0.328030 0.137121 0.000758 0.218939 0.009848 0.264394 0.003788
0.198502 0.000038 0.018860 0.390792 0.000038 0.245181 0.045061 0.101528
0.128768 0.193714 0.406370 0.182223 0.039342 0.000042 0.046669 0.002873
0.048115 0.166762 0.196884 0.187687 0.000057 0.068119 0.245401 0.086974
0.031368 0.136462 0.164953 0.123255 0.003443 0.074953 0.282311 0.183255
0.199841 0.000650 0.371031 0.114968 0.029807 0.096781 0.175303 0.011620
0.070613 0.060217 0.147757 0.316407 0.020688 0.000171 0.140644 0.243503
0.087907 0.148427 0.195933 0.000271 0.010466 0.033460 0.278579 0.244957
0.176546 0.091073 0.371533 0.053472 0.011557 0.004572 0.057582 0.233666
0.019796 0.156297 0.051471 0.072587 0.077866 0.000189 0.619344 0.002451
0.000082 0.024151 0.182740 0.000082 0.003709 0.062067 0.445516 0.281652
0.003518 0.264327 0.098233 0.059454 0.000086 0.072495 0.185055 0.316833
0.079022 0.052524 0.042429 0.149054 0.014038 0.000789 0.657571 0.004574
0.825856 0.002817 0.000870 0.003095 0.001982 0.165310 0.000035 0.000035
0.146307 0.121196 0.191802 0.079247 0.009232 0.062112 0.279247 0.110857
0.375384 0.025077 0.000055 0.289783 0.000055 0.285612 0.021565 0.002469
0.000104 0.157780 0.004253 0.063589 0.000104 0.116701 0.450726 0.206743
0.125616 0.002329 0.090548 0.173288 0.000137 0.000137 0.561233 0.046712
0.203796 0.000736 0.005444 0.489847 0.025456 0.255003 0.019570 0.000147
0.000102 0.224492 0.100102 0.268394 0.054573 0.007825 0.344411 0.000102
0.002335 0.389148 0.374863 0.110577 0.006181 0.003984 0.090247 0.022665
0.022533 0.186390 0.147955 0.321252 0.031299 0.007698 0.282816 0.000056
0.005582 0.123755 0.102800 0.117228 0.019323 0.068104 0.435675 0.127533
0.075659 0.178596 0.052464 0.000034 0.029680 0.003054 0.036954 0.623559
0.038491 0.000378 0.101213 0.326604 0.021078 0.042400 0.109208 0.360630
0.172800 0.003421 0.000092 0.450906 0.000092 0.220876 0.075536 0.076276
0.089686 0.000064 0.000064 0.144798 0.000064 0.039467 0.191926 0.533930
0.044162 0.000107 0.126711 0.014649 0.000107 0.003956 0.578807 0.231501
0.010833 0.129779 0.095511 0.123265 0.002620 0.088997 0.548074 0.000920
0.116753 0.008808 0.067605 0.059078 0.055038 0.053467 0.208090 0.431160
0.064612 0.121853 0.059232 0.087207 0.058156 0.045244 0.001130 0.562567
0.121914 0.067420 0.390040 0.014012 0.295179 0.000039 0.000039 0.111357
0.050228 0.150358 0.000163 0.138654 0.001463 0.053479 0.596391 0.009265
0.144469 0.004910 0.004910 0.000086 0.005944 0.839163 0.000086 0.000431
0.077810 0.140178 0.057321 0.032615 0.000075 0.119388 0.416767 0.155845
0.081900 0.060736 0.072200 0.227109 0.044275 0.042218 0.201977 0.269584
0.000118 0.074894 0.314837 0.001538 0.005797 0.064482 0.320516 0.217818
0.046199 0.168087 0.470839 0.002949 0.082896 0.013434 0.213958 0.001638
0.000214 0.015625 0.168878 0.172303 0.090111 0.037885 0.504495 0.010488
0.004364 0.365960 0.400042 0.011014 0.172278 0.000208 0.000208 0.045927
0.149269 0.181305 0.235702 0.068856 0.001129 0.029725 0.086057 0.247957
0.174847 0.001368 0.013598 0.457757 0.000724 0.340280 0.010380 0.001046
0.012277 0.003348 0.204879 0.198501 0.001435 0.040976 0.454879 0.083705
0.080872 0.086871 0.000115 0.054569 0.049954 0.038417 0.645708 0.043493
0.001196 0.116029 0.044258 0.025120 0.455742 0.044258 0.297847 0.015550
0.001120 0.425851 0.301299 0.001120 0.058468 0.024418 0.028898 0.158826
0.061972 0.068735 0.070426 0.102891 0.002790 0.052503 0.632482 0.008201
0.140329 0.070191 0.065515 0.101010 0.000266 0.038948 0.332891 0.250850
0.002012 0.041690 0.131590 0.181534 0.009503 0.135474 0.393244 0.104953
0.001994 0.168555 0.035498 0.228542 0.015396 0.000080 0.338944 0.210992
0.014290 0.108234 0.045416 0.413271 0.025608 0.000141 0.296689 0.096350
0.020248 0.035529 0.174282 0.103072 0.071592 0.033084 0.313340 0.248854
0.059372 0.186761 0.074841 0.164923 0.048453 0.012966 0.452457 0.000227
0.004190 0.251862 0.000466 0.097300 0.147579 0.000466 0.391527 0.106611
0.094570 0.034988 0.099913 0.064489 0.055314 0.079123 0.218264 0.353339
0.000110 0.084512 0.092024 0.166262 0.023089 0.049602 0.584291 0.000110
0.127814 0.072467 0.000235 0.188790 0.041510 0.350141 0.218809 0.000235
0.052094 0.293346 0.001193 0.126326 0.000663 0.057397 0.310843 0.158139
0.020060 0.028516 0.138266 0.218507 0.000043 0.057506 0.534124 0.002977
0.001483 0.021259 0.000165 0.178807 0.048945 0.386454 0.340310 0.022577
0.042237 0.000132 0.236447 0.032763 0.001184 0.006447 0.606974 0.073816
0.158914 0.061450 0.346204 0.025092 0.013634 0.019745 0.095058 0.279904
0.000075 0.109291 0.118567 0.180805 0.000075 0.050943 0.527304 0.012941
0.388184 0.000055 0.003365 0.457690 0.000055 0.148775 0.001820 0.000055
0.004924 0.316851 0.031638 0.079128 0.000067 0.167094 0.164935 0.235362
0.146971 0.000115 0.003327 0.705025 0.032698 0.100161 0.001950 0.009752
0.037933 0.132724 0.064785 0.102960 0.000081 0.013669 0.532595 0.115254
0.037976 0.177002 0.054384 0.203996 0.000044 0.079437 0.288329 0.158830
0.018195 0.167533 0.001181 0.036153 0.082467 0.000236 0.671314 0.022921
0.025171 0.122665 0.145444 0.009681 0.000569 0.091686 0.386446 0.218337
0.000153 0.000765 0.000153 0.157951 0.106575 0.102294 0.545719 0.086391
0.006579 0.070147 0.154904 0.087919 0.046907 0.002478 0.199675 0.431391
0.927983 0.001458 0.000026 0.000026 0.007598 0.062858 0.000026 0.000026
0.000737 0.381268 0.295723 0.000737 0.248525 0.062684 0.003687 0.006637
0.020728 0.000105 0.157513 0.120476 0.058607 0.118792 0.155829 0.367950
0.220944 0.005655 0.015016 0.260725 0.023596 0.472114 0.001755 0.000195
0.005371 0.153809 0.001465 0.194173 0.083496 0.000163 0.561361 0.000163
0.024984 0.009460 0.000081 0.071232 0.792448 0.000081 0.000081 0.101633
0.063577 0.259878 0.156828 0.301604 0.025802 0.000040 0.150348 0.041924
0.057535 0.083162 0.177473 0.105202 0.005254 0.020630 0.549590 0.001153
0.051972 0.088757 0.237725 0.069782 0.000208 0.072112 0.294815 0.184629
0.053528 0.049042 0.000102 0.054751 0.017639 0.056790 0.520086 0.248063
0.020097 0.219071 0.052594 0.022377 0.005844 0.007554 0.362172 0.310291
0.077049 0.112242 0.037330 0.004148 0.051911 0.046883 0.459150 0.211287
0.148275 0.000080 0.238023 0.049904 0.106116 0.092063 0.294874 0.070664
0.002456 0.012279 0.000491 0.004420 0.077112 0.831532 0.027996 0.043713
0.015012 0.189804 0.229637 0.101813 0.047117 0.029875 0.312872 0.073870
0.104331 0.063045 0.008140 0.117738 0.000053 0.056661 0.287774 0.362258
0.034476 0.078272 0.068626 0.040211 0.000065 0.122067 0.328011 0.328272
0.031567 0.264089 0.205243 0.276171 0.007125 0.005280 0.076208 0.134316
0.087045 0.059473 0.000795 0.101184 0.014935 0.299487 0.265553 0.171527
0.643066 0.000829 0.031314 0.146146 0.016940 0.142197 0.015835 0.003672
0.083155 0.003040 0.001609 0.267704 0.026645 0.000179 0.241953 0.375715
0.040262 0.111228 0.165992 0.109284 0.000081 0.000081 0.572019 0.001053
0.001082 0.347403 0.035714 0.022727 0.208874 0.087662 0.187229 0.109307
0.001341 0.106491 0.046406 0.077521 0.043187 0.057135 0.538895 0.129024
0.008384 0.004220 0.084009 0.151523 0.001151 0.055294 0.640783 0.054636
0.009206 0.086948 0.036211 0.212971 0.050941 0.000205 0.581219 0.022300
0.023401 0.046722 0.005436 0.003861 0.007327 0.111960 0.525134 0.276158
0.033538 0.020176 0.118341 0.147025 0.018038 0.036923 0.401434 0.224523
0.034607 0.417134 0.062057 0.000369 0.000074 0.036378 0.120204 0.329177
0.018067 0.544346 0.000086 0.147044 0.026366 0.027749 0.000432 0.235909
0.082676 0.125812 0.046962 0.248724 0.000116 0.000116 0.495478 0.000116
0.042043 0.003668 0.025113 0.039786 0.119921 0.009312 0.329853 0.430305
0.043713 0.078591 0.065741 0.087770 0.007458 0.003786 0.628385 0.084557
0.140469 0.083252 0.649869 0.003964 0.055297 0.000368 0.000531 0.066250
0.000526 0.017368 0.000526 0.400526 0.124737 0.387895 0.000526 0.067895
0.190167 0.007046 0.066373 0.001752 0.050335 0.000350 0.096271 0.587706
0.076590 0.225895 0.097266 0.065656 0.010785 0.063072 0.163867 0.296869
0.050541 0.124263 0.192415 0.108208 0.004669 0.058732 0.343463 0.117710
0.019584 0.000135 0.008239 0.094138 0.000135 0.836980 0.040654 0.000135
0.002123 0.008001 0.000163 0.190235 0.017799 0.747387 0.034128 0.000163
0.016178 0.176214 0.096838 0.378414 0.000046 0.010128 0.294271 0.027910
0.021609 0.191822 0.249003 0.409907 0.082779 0.044215 0.000332 0.000332
0.076255 0.074163 0.000523 0.000105 0.069142 0.023536 0.563285 0.192992
0.058895 0.153715 0.012170 0.456940 0.000049 0.272190 0.045992 0.000049
0.039771 0.375752 0.166847 0.242178 0.012575 0.000301 0.161071 0.001504
0.087917 0.369953 0.000146 0.048713 0.034669 0.021796 0.436659 0.000146
0.000905 0.000181 0.045800 0.000181 0.084902 0.004526 0.383961 0.479544
0.004025 0.041592 0.004025 0.000447 0.068426 0.864490 0.000447 0.016547
0.033000 0.009344 0.084726 0.127937 0.029688 0.061229 0.256939 0.397138
0.000135 0.014738 0.007166 0.128853 0.005544 0.387372 0.430638 0.025554
0.080177 0.126114 0.165259 0.257557 0.014116 0.032882 0.158296 0.165598
0.023612 0.000243 0.000243 0.194985 0.000243 0.152142 0.607838 0.020691
0.001634 0.063474 0.200226 0.060960 0.087607 0.003645 0.472222 0.110231
0.002143 0.074415 0.081596 0.120512 0.000290 0.033183 0.619701 0.068161
0.065031 0.026090 0.002726 0.255062 0.008956 0.616433 0.022975 0.002726
0.001619 0.185881 0.000623 0.271539 0.011081 0.008093 0.521041 0.000125
0.222741 0.077419 0.116017 0.081332 0.014096 0.112638 0.192147 0.183609
0.000353 0.424527 0.114445 0.133931 0.000918 0.002895 0.000071 0.322861
0.047089 0.107591 0.009418 0.119007 0.001427 0.000285 0.702340 0.012842
0.000316 0.262342 0.000316 0.080063 0.144620 0.000316 0.368671 0.143354
0.040236 0.000103 0.000931 0.130844 0.000103 0.079127 0.747311 0.001345
0.028272 0.074280 0.094167 0.035990 0.000074 0.065375 0.523078 0.178762
0.110195 0.000406 0.080449 0.038985 0.000766 0.091085 0.305976 0.372138
0.693614 0.002402 0.000567 0.245762 0.002510 0.054227 0.000027 0.000891
0.051641 0.214268 0.433460 0.085985 0.020328 0.000126 0.109722 0.084470
0.009615 0.040385 0.000385 0.000385 0.134231 0.003462 0.752692 0.058846
0.000718 0.179346 0.098644 0.081419 0.007735 0.020813 0.460367 0.150957
0.000712 0.170985 0.000142 0.119163 0.012101 0.005268 0.633969 0.057659
0.003100 0.027564 0.066773 0.056719 0.023207 0.096263 0.503100 0.223274
0.084883 0.021522 0.000861 0.078685 0.018767 0.007748 0.543561 0.243974
0.009458 0.357106 0.131135 0.140337 0.046268 0.024796 0.285532 0.005368
0.001710 0.000342 0.029070 0.198700 0.001710 0.711696 0.048222 0.008550
0.105350 0.288255 0.106545 0.187238 0.001345 0.008518 0.070084 0.232666
0.060616 0.046199 0.068480 0.142661 0.000328 0.061402 0.396396 0.223919
0.061939 0.009420 0.216956 0.049444 0.058815 0.078729 0.416097 0.108600
0.584215 0.000032 0.000419 0.209167 0.000032 0.204651 0.000419 0.001064
0.003757 0.100296 0.157673 0.159495 0.032901 0.000114 0.481899 0.063866
0.112599 0.274636 0.187335 0.006779 0.018684 0.007440 0.191964 0.200562
0.084612 0.086803 0.071775 0.014793 0.001957 0.056747 0.371713 0.311600
0.000712 0.069655 0.134804 0.057954 0.000079 0.133223 0.409630 0.193944
0.033988 0.076284 0.021903 0.218278 0.085347 0.514350 0.049094 0.000755
0.092963 0.052985 0.336300 0.245938 0.020126 0.000228 0.145902 0.105559
0.130189 0.037340 0.668445 0.017878 0.000022 0.012432 0.005915 0.127779
0.003977 0.284716 0.062016 0.189273 0.029772 0.000107 0.282567 0.147571
0.000277 0.012458 0.052326 0.012458 0.025748 0.298173 0.329181 0.269380
0.276503 0.013843 0.001538 0.016209 0.007217 0.683507 0.000592 0.000592
0.000094 0.101336 0.268818 0.029074 0.000470 0.032085 0.295916 0.272205
0.000060 0.071008 0.095058 0.302369 0.004149 0.027477 0.273990 0.225890
0.000167 0.240809 0.025568 0.497493 0.028242 0.000836 0.200702 0.006183
0.053870 0.191946 0.138947 0.035739 0.056660 0.009937 0.149407 0.363494
0.060058 0.004019 0.089404 0.158421 0.026434 0.038379 0.208856 0.414430
0.001275 0.134986 0.162748 0.005241 0.000708 0.006374 0.494193 0.194476
0.000096 0.225976 0.392898 0.243587 0.020387 0.000096 0.000096 0.116864
0.017577 0.350910 0.014268 0.233457 0.008478 0.011787 0.355873 0.007651
0.107739 0.218809 0.267964 0.196482 0.000422 0.019934 0.118621 0.070028
0.001841 0.050442 0.000368 0.241900 0.040133 0.663108 0.000368 0.001841
0.015747 0.100556 0.000103 0.004220 0.140078 0.059387 0.589234 0.090675
0.014327 0.140510 0.169427 0.524317 0.019585 0.000131 0.131572 0.000131
0.159896 0.018819 0.000219 0.657703 0.003553 0.110590 0.023908 0.025311
0.239984 0.089343 0.103232 0.133146 0.000134 0.000134 0.395433 0.038595
0.320796 0.006554 0.018409 0.312281 0.020078 0.106236 0.035106 0.180539
0.004875 0.010446 0.001161 0.025302 0.076370 0.147864 0.623259 0.110724
0.053827 0.222033 0.108424 0.413522 0.008330 0.014352 0.155660 0.023853
0.000383 0.000383 0.246937 0.020291 0.096861 0.000383 0.473583 0.161179
0.034091 0.459711 0.013430 0.042355 0.315083 0.013430 0.112603 0.009298
0.004357 0.000335 0.005697 0.356903 0.024464 0.519102 0.013740 0.075402
0.000127 0.040715 0.180746 0.116819 0.030061 0.040715 0.459285 0.131532
0.000376 0.000075 0.092133 0.003384 0.030159 0.124323 0.495863 0.253685
0.000471 0.040019 0.030603 0.066384 0.062618 0.793315 0.006121 0.000471
0.091912 0.108252 0.002042 0.020016 0.113154 0.542892 0.121324 0.000408
0.000184 0.045170 0.000184 0.820243 0.049594 0.002397 0.004609 0.077618
0.097812 0.153515 0.640252 0.000553 0.107095 0.000553 0.000111 0.000111
0.000839 0.373322 0.000839 0.239094 0.272651 0.000839 0.111577 0.000839
0.005642 0.076823 0.000434 0.148003 0.095920 0.026476 0.495226 0.151476
