alpha=0.500000
beta=0.500000
ntopics=8
ndocs=1687
nwords=96
liter=2000
