0.026500 0.073636 0.018832 0.001466 0.009359 0.220230 0.579274 0.070704 
0.213938 0.003924 0.040731 0.000677 0.003112 0.561164 0.176319 0.000135 
0.034498 0.267754 0.003609 0.000144 0.048643 0.446161 0.098297 0.100895 
0.000155 0.574234 0.006959 0.016548 0.021497 0.001701 0.375657 0.003248 
0.080700 0.002014 0.082869 0.002633 0.014405 0.737144 0.051890 0.028346 
0.017081 0.571973 0.001161 0.002156 0.000166 0.002488 0.362355 0.042620 
0.012263 0.080876 0.042689 0.000776 0.078081 0.481683 0.213133 0.090500 
0.000163 0.285551 0.022066 0.042988 0.028931 0.437888 0.132887 0.049526 
0.024520 0.180213 0.069102 0.002229 0.026578 0.546468 0.082133 0.068759 
0.043442 0.000826 0.000496 0.011067 0.003138 0.021969 0.914272 0.004790 
0.101642 0.097628 0.135584 0.000182 0.052737 0.394343 0.173175 0.044708 
0.070160 0.004532 0.073423 0.000181 0.005257 0.432379 0.400471 0.013597 
0.036367 0.656068 0.061305 0.009352 0.007689 0.033874 0.173940 0.021405 
0.018070 0.140276 0.006148 0.021423 0.058308 0.202496 0.508010 0.045268 
0.011551 0.172866 0.082420 0.000196 0.107870 0.485709 0.083594 0.055795 
0.067413 0.251935 0.022607 0.002240 0.031161 0.468228 0.039308 0.117108 
0.888066 0.001001 0.078694 0.001402 0.005006 0.003004 0.003404 0.019423 
0.000657 0.149146 0.090451 0.006789 0.015112 0.607315 0.059790 0.070740 
0.001649 0.718559 0.002120 0.004475 0.003533 0.021903 0.198540 0.049223 
0.034420 0.002214 0.048108 0.009461 0.047303 0.111312 0.737721 0.009461 
0.007599 0.116153 0.079679 0.002822 0.028441 0.549935 0.125271 0.090100 
0.045691 0.072109 0.028367 0.026202 0.000217 0.441533 0.383066 0.002815 
0.092040 0.168476 0.023745 0.003844 0.000226 0.527589 0.013795 0.170285 
0.036268 0.008595 0.026205 0.001048 0.074004 0.140252 0.713417 0.000210 
0.001233 0.508880 0.234583 0.000247 0.042181 0.004687 0.199063 0.009127 
0.058756 0.054608 0.011290 0.022811 0.004839 0.328341 0.471198 0.048157 
0.003602 0.120797 0.018012 0.000240 0.082853 0.473823 0.266330 0.034342 
0.008524 0.214077 0.013882 0.022650 0.102046 0.308573 0.250122 0.080127 
0.243208 0.439655 0.193574 0.000261 0.000261 0.045193 0.048851 0.028997 
0.017187 0.526441 0.208091 0.001851 0.000264 0.055791 0.186409 0.003966 
0.001310 0.427935 0.086740 0.018606 0.000786 0.397537 0.015985 0.051101 
0.034561 0.153128 0.048184 0.040111 0.214178 0.369072 0.098638 0.042129 
0.046409 0.026819 0.003032 0.000700 0.119170 0.140159 0.663479 0.000233 
0.207401 0.380990 0.033813 0.007188 0.001864 0.256922 0.003461 0.108360 
0.060440 0.343014 0.006018 0.007588 0.001308 0.280220 0.138932 0.162480 
0.005234 0.542975 0.084022 0.002479 0.004132 0.014601 0.321488 0.025069 
0.013274 0.250130 0.041385 0.000260 0.179334 0.288131 0.129880 0.097605 
0.044941 0.105547 0.040832 0.002825 0.060349 0.354135 0.285824 0.105547 
0.005188 0.256417 0.004096 0.001365 0.006827 0.569907 0.004642 0.151557 
0.058116 0.133385 0.009473 0.029442 0.110855 0.024834 0.617256 0.016641 
0.000260 0.020010 0.154626 0.006497 0.012214 0.487786 0.104210 0.214397 
0.000265 0.165870 0.063429 0.011943 0.028397 0.406847 0.224257 0.098992 
0.006127 0.047150 0.114811 0.013053 0.056739 0.514917 0.079116 0.168087 
0.078030 0.009848 0.002273 0.004798 0.047222 0.184091 0.550253 0.123485 
0.156573 0.039079 0.023033 0.011128 0.007505 0.126035 0.622930 0.013716 
0.002889 0.007616 0.003939 0.027048 0.052258 0.503939 0.354779 0.047532 
0.020935 0.183524 0.007885 0.002991 0.255302 0.130234 0.393964 0.005166 
0.453390 0.248870 0.164689 0.000282 0.001412 0.042655 0.031921 0.056780 
0.056342 0.182616 0.052945 0.009909 0.000283 0.500283 0.083522 0.114100 
0.023546 0.157618 0.039612 0.005263 0.153186 0.285042 0.119391 0.216343 
0.000888 0.468343 0.009172 0.019822 0.000296 0.001479 0.474260 0.025740 
0.067368 0.029847 0.097499 0.059977 0.002558 0.713758 0.028709 0.000284 
0.184672 0.254242 0.033654 0.000848 0.005373 0.272907 0.069287 0.179016 
0.012647 0.309706 0.026176 0.034412 0.000294 0.412059 0.081471 0.123235 
0.302492 0.378505 0.304361 0.004673 0.009034 0.000312 0.000312 0.000312 
0.009456 0.049570 0.128080 0.040401 0.004871 0.423209 0.148138 0.196275 
0.007974 0.158004 0.048139 0.026285 0.008565 0.549616 0.099527 0.101890 
0.002805 0.485349 0.008416 0.000935 0.024002 0.002805 0.435474 0.040212 
0.035455 0.000279 0.022613 0.041039 0.070631 0.224735 0.603294 0.001954 
0.120690 0.020164 0.057569 0.002046 0.013735 0.604033 0.146990 0.034775 
0.097181 0.062537 0.104228 0.006753 0.011450 0.308573 0.041398 0.367880 
0.001519 0.166768 0.020960 0.027035 0.039793 0.398238 0.248785 0.096902 
0.000987 0.503950 0.121461 0.062212 0.001646 0.185319 0.108953 0.015471 
0.017285 0.232244 0.008485 0.012256 0.054368 0.503143 0.063168 0.109051 
0.096550 0.254540 0.000303 0.000908 0.095944 0.131053 0.000303 0.420400 
0.003621 0.571758 0.000329 0.010204 0.071429 0.002962 0.302502 0.037196 
0.027052 0.150456 0.003951 0.013678 0.131003 0.265957 0.106079 0.301824 
0.157443 0.215331 0.000954 0.013677 0.005407 0.505407 0.001590 0.100191 
0.034201 0.172821 0.000908 0.029358 0.029358 0.143765 0.398002 0.191586 
0.057367 0.139498 0.134483 0.000313 0.012226 0.434169 0.017241 0.204702 
0.073162 0.668863 0.168863 0.014910 0.002427 0.000347 0.071082 0.000347 
0.003935 0.019673 0.009988 0.017857 0.002119 0.377421 0.540254 0.028753 
0.122693 0.601162 0.078947 0.029733 0.034518 0.001025 0.053657 0.078264 
0.002759 0.088596 0.151747 0.002146 0.106990 0.058553 0.006438 0.582771 
0.081024 0.000301 0.004518 0.047289 0.004518 0.285843 0.499096 0.077410 
0.036313 0.036313 0.003414 0.018312 0.465860 0.107697 0.331782 0.000310 
0.002270 0.180610 0.017834 0.000324 0.004215 0.309014 0.364137 0.121595 
0.004759 0.004124 0.043464 0.035216 0.025698 0.400698 0.268718 0.217322 
0.070717 0.081931 0.096885 0.000312 0.065109 0.032087 0.111215 0.541745 
0.033935 0.176526 0.000311 0.030822 0.002802 0.016501 0.738792 0.000311 
0.655660 0.001572 0.158805 0.000314 0.035535 0.010377 0.011635 0.126101 
0.108651 0.205381 0.143392 0.004428 0.014646 0.439714 0.000341 0.083447 
0.099867 0.089914 0.061380 0.018248 0.000332 0.537823 0.001659 0.190776 
0.014921 0.052381 0.007302 0.001587 0.000952 0.240317 0.247302 0.435238 
0.084512 0.003704 0.149832 0.028620 0.001010 0.523569 0.000337 0.208418 
0.006899 0.433188 0.253813 0.001089 0.033769 0.033769 0.222585 0.014887 
0.037374 0.151178 0.125589 0.000337 0.023906 0.437374 0.007744 0.216498 
0.146592 0.085043 0.002978 0.002316 0.259762 0.371608 0.116148 0.015553 
0.004290 0.167987 0.084158 0.007591 0.090099 0.131683 0.224092 0.290099 
0.011256 0.534858 0.022876 0.003994 0.013435 0.001089 0.389615 0.022876 
0.014552 0.606343 0.110821 0.021269 0.091418 0.017537 0.137687 0.000373 
0.234639 0.044227 0.009115 0.004389 0.034099 0.477043 0.170493 0.025996 
0.013435 0.399056 0.004720 0.005447 0.020697 0.440450 0.068627 0.047567 
0.000327 0.059228 0.016034 0.037631 0.000327 0.040903 0.815118 0.030432 
0.001107 0.291882 0.333210 0.040221 0.000369 0.183395 0.139852 0.009963 
0.062673 0.088989 0.016274 0.077909 0.000346 0.610457 0.077216 0.066136 
0.001866 0.459328 0.196642 0.008582 0.066791 0.085448 0.135448 0.045896 
0.068498 0.066412 0.085883 0.027469 0.004520 0.450974 0.038595 0.257650 
0.077997 0.008515 0.030313 0.004428 0.023501 0.462193 0.364101 0.028951 
0.001659 0.060053 0.015594 0.052090 0.103185 0.003650 0.746184 0.017585 
0.204282 0.166546 0.060595 0.006894 0.001814 0.381350 0.022859 0.155660 
0.098162 0.323162 0.001838 0.051103 0.004044 0.405515 0.006250 0.109926 
0.042966 0.411027 0.177567 0.001141 0.055133 0.000380 0.309886 0.001901 
0.024590 0.506245 0.241608 0.070648 0.012100 0.072990 0.063622 0.008197 
0.005431 0.213975 0.000362 0.006155 0.032947 0.465243 0.009776 0.266112 
0.012136 0.050277 0.007975 0.046810 0.001734 0.297850 0.545423 0.037795 
0.145357 0.170357 0.044643 0.015357 0.016071 0.306786 0.005357 0.296071 
0.000388 0.543866 0.071817 0.004270 0.050854 0.082686 0.186724 0.059394 
0.026587 0.580556 0.090079 0.087698 0.015476 0.149603 0.035317 0.014683 
0.019984 0.244122 0.443966 0.002743 0.007445 0.250392 0.005878 0.025470 
0.129828 0.031831 0.031831 0.089771 0.019671 0.369456 0.132690 0.194921 
0.007527 0.114337 0.128674 0.009677 0.046237 0.146595 0.042652 0.504301 
0.098897 0.146691 0.004044 0.002574 0.004044 0.421691 0.025368 0.296691 
0.079686 0.666804 0.087944 0.078860 0.005367 0.054088 0.026837 0.000413 
0.081404 0.014110 0.049566 0.100941 0.000362 0.467077 0.204414 0.082127 
0.037079 0.159925 0.046816 0.001873 0.068539 0.264794 0.331461 0.089513 
0.074545 0.150182 0.021455 0.035273 0.004000 0.158909 0.101455 0.454182 
0.002642 0.032075 0.192075 0.004151 0.002642 0.604906 0.007925 0.153585 
0.604152 0.000340 0.000340 0.024166 0.004425 0.103812 0.167801 0.094963 
0.027058 0.166540 0.004192 0.074314 0.055259 0.456936 0.078887 0.136814 
0.031899 0.068025 0.093390 0.011145 0.043428 0.597617 0.078017 0.076480 
0.098789 0.172975 0.096518 0.007192 0.026874 0.224451 0.172218 0.200984 
0.035221 0.004720 0.005447 0.018519 0.009804 0.330065 0.334423 0.261801 
0.014657 0.557370 0.244975 0.033920 0.017169 0.079146 0.035595 0.017169 
0.003778 0.625945 0.117968 0.024769 0.000420 0.008816 0.124685 0.093619 
0.009735 0.204439 0.095405 0.001947 0.001947 0.397586 0.074377 0.214564 
0.015997 0.032366 0.002604 0.002604 0.022693 0.418527 0.375372 0.129836 
0.011832 0.162977 0.001908 0.102672 0.201908 0.286641 0.230916 0.001145 
0.006320 0.085130 0.001115 0.021190 0.004833 0.227881 0.171375 0.482156 
0.161329 0.240592 0.003603 0.049239 0.001201 0.508807 0.033227 0.002002 
0.000369 0.007016 0.014402 0.002585 0.574963 0.024003 0.371123 0.005539 
0.042966 0.054373 0.037643 0.065019 0.020152 0.442966 0.242205 0.094677 
0.000407 0.317480 0.010163 0.000407 0.170325 0.000407 0.486585 0.014228 
0.115414 0.011654 0.075564 0.003383 0.000376 0.310150 0.016165 0.467293 
0.035316 0.035316 0.006320 0.011524 0.003346 0.179554 0.617472 0.111152 
0.053627 0.073688 0.044367 0.011960 0.000386 0.305941 0.413966 0.096065 
0.000438 0.747152 0.022349 0.101227 0.000438 0.002191 0.111744 0.014461 
0.054089 0.373509 0.318143 0.000426 0.020869 0.029387 0.193782 0.009796 
0.001923 0.031154 0.001154 0.002692 0.072692 0.354231 0.419615 0.116538 
0.005637 0.517346 0.174761 0.007372 0.021249 0.258023 0.005637 0.009974 
0.003656 0.157189 0.060520 0.045898 0.035337 0.521121 0.097888 0.078392 
0.013116 0.091017 0.022655 0.087043 0.019475 0.463831 0.301669 0.001192 
0.001122 0.048242 0.005610 0.071429 0.002618 0.005610 0.853777 0.011593 
0.023424 0.019165 0.740630 0.000426 0.011499 0.077087 0.101789 0.025980 
0.069740 0.016942 0.083924 0.009062 0.003546 0.406225 0.158786 0.251773 
0.066422 0.284841 0.009372 0.002852 0.010187 0.216381 0.245721 0.164222 
0.008127 0.003483 0.049923 0.018189 0.092492 0.300697 0.218653 0.308437 
0.003620 0.100965 0.011665 0.000402 0.195093 0.365648 0.100965 0.221641 
0.676150 0.033125 0.008184 0.000390 0.021434 0.001169 0.082229 0.177319 
0.002890 0.130884 0.002890 0.073080 0.073906 0.584228 0.128406 0.003716 
0.032862 0.154326 0.051997 0.061980 0.001248 0.456323 0.126872 0.114393 
0.081897 0.092085 0.025470 0.000392 0.042712 0.059169 0.096003 0.602273 
0.002068 0.209677 0.038462 0.141853 0.021092 0.241108 0.015302 0.330438 
0.010584 0.207875 0.025826 0.050381 0.050381 0.403472 0.135902 0.115580 
0.140214 0.051398 0.001234 0.025082 0.036595 0.645970 0.097451 0.002056 
0.233656 0.007667 0.003632 0.024617 0.005246 0.575868 0.148910 0.000404 
0.040083 0.086364 0.097934 0.019421 0.007851 0.419421 0.023554 0.305372 
0.058799 0.005421 0.161384 0.050459 0.005421 0.459967 0.074646 0.183903 
0.000436 0.379145 0.000436 0.099040 0.000436 0.315445 0.203752 0.001309 
0.000417 0.002083 0.056250 0.001250 0.025417 0.618750 0.018750 0.277083 
0.113306 0.071371 0.114113 0.007661 0.126210 0.007661 0.147177 0.412500 
0.126778 0.139331 0.023013 0.005439 0.094142 0.320084 0.009623 0.281590 
0.075692 0.214100 0.184689 0.000433 0.028114 0.230536 0.097318 0.169118 
0.014654 0.289076 0.139876 0.036856 0.033304 0.351243 0.020870 0.114121 
0.056155 0.064241 0.737197 0.006739 0.005840 0.012129 0.097484 0.020216 
0.004482 0.000407 0.037082 0.039527 0.076202 0.279951 0.252241 0.310106 
0.013659 0.032699 0.060844 0.050911 0.011175 0.346440 0.125414 0.358858 
0.010575 0.006345 0.039340 0.000423 0.004653 0.614636 0.137479 0.186548 
0.020417 0.125417 0.010417 0.052917 0.052083 0.096250 0.102083 0.540417 
0.123610 0.051754 0.134731 0.028657 0.000428 0.464072 0.021814 0.174936 
0.018761 0.121728 0.075480 0.041449 0.052792 0.499564 0.092059 0.098168 
0.115417 0.135417 0.000417 0.000417 0.007917 0.207917 0.009583 0.522917 
0.282258 0.002971 0.058149 0.030136 0.038625 0.382428 0.091256 0.114177 
0.088438 0.147972 0.060828 0.104832 0.003020 0.274806 0.317947 0.002157 
0.091949 0.008051 0.234322 0.005508 0.002966 0.238559 0.193644 0.225000 
0.010619 0.003232 0.671745 0.015235 0.000462 0.164820 0.014312 0.119575 
0.172640 0.170017 0.002185 0.024913 0.039773 0.234703 0.108829 0.246941 
0.022086 0.415883 0.192199 0.005169 0.092575 0.110432 0.161184 0.000470 
0.002103 0.000421 0.001262 0.005467 0.980235 0.000421 0.004626 0.005467 
0.088994 0.045142 0.000430 0.004729 0.082115 0.316853 0.248925 0.212812 
0.237522 0.149287 0.074421 0.006684 0.025401 0.093137 0.085116 0.328431 
0.005737 0.011033 0.070168 0.171668 0.001324 0.407326 0.298764 0.033981 
0.372321 0.186859 0.097390 0.002330 0.000466 0.280988 0.007922 0.051724 
0.003511 0.592277 0.093781 0.043631 0.000502 0.190070 0.025577 0.050652 
0.001422 0.133175 0.458294 0.002370 0.009005 0.258294 0.063981 0.073460 
0.140052 0.141798 0.010035 0.003927 0.000436 0.000436 0.045812 0.657504 
0.029279 0.021171 0.143694 0.001351 0.063514 0.288739 0.178829 0.273423 
0.031500 0.109583 0.002218 0.003993 0.559450 0.003993 0.282609 0.006655 
0.042625 0.304119 0.043582 0.070402 0.000479 0.298372 0.034004 0.206418 
0.038677 0.246505 0.020969 0.028425 0.015377 0.317335 0.159832 0.172880 
0.144240 0.211521 0.038249 0.023502 0.020737 0.191244 0.049309 0.321198 
0.008870 0.186275 0.008870 0.019141 0.074230 0.293651 0.307656 0.101307 
0.240512 0.065755 0.018976 0.074581 0.003972 0.161077 0.043689 0.391439 
0.217371 0.244601 0.021127 0.053052 0.098122 0.256808 0.107512 0.001408 
0.011191 0.004924 0.228738 0.002238 0.069382 0.092659 0.247538 0.343330 
0.006715 0.527376 0.116219 0.016012 0.086260 0.208161 0.024277 0.014979 
0.101959 0.046750 0.140249 0.004007 0.129564 0.033393 0.313891 0.230187 
0.044227 0.039572 0.095438 0.065642 0.087989 0.500466 0.022812 0.143855 
0.072442 0.379433 0.372340 0.020770 0.003546 0.008612 0.130193 0.012665 
0.421790 0.080922 0.073689 0.025769 0.018535 0.006781 0.004069 0.368445 
0.185688 0.187558 0.012629 0.049111 0.221235 0.047240 0.268943 0.027596 
0.004282 0.200285 0.000476 0.021408 0.021408 0.392483 0.063273 0.296384 
0.052464 0.074361 0.057938 0.018704 0.000456 0.093522 0.083485 0.619069 
0.047642 0.127830 0.027830 0.024057 0.003302 0.256132 0.121226 0.391981 
0.086462 0.235672 0.060771 0.002470 0.012352 0.436265 0.043972 0.122036 
0.066271 0.021481 0.002285 0.005027 0.566271 0.086380 0.242687 0.009598 
0.126588 0.235093 0.024927 0.155914 0.027859 0.265396 0.047410 0.116813 
0.368962 0.000447 0.000447 0.068426 0.007603 0.188283 0.360912 0.004919 
0.026100 0.447799 0.066018 0.006653 0.055783 0.006653 0.372057 0.018936 
0.043615 0.002248 0.004047 0.013939 0.024730 0.046313 0.543615 0.321493 
0.793658 0.000460 0.089614 0.007812 0.060202 0.023438 0.024357 0.000460 
0.264878 0.022927 0.154634 0.000488 0.002439 0.399512 0.022927 0.132195 
0.004420 0.122299 0.003438 0.104617 0.085953 0.661591 0.008350 0.009332 
0.020360 0.121686 0.019413 0.025095 0.008049 0.143466 0.221117 0.440814 
0.006250 0.007212 0.156250 0.000481 0.017788 0.515865 0.089904 0.206250 
0.002662 0.475506 0.191161 0.026092 0.050586 0.011182 0.241214 0.001597 
0.073640 0.000469 0.005159 0.008912 0.293152 0.224672 0.219981 0.174015 
0.150653 0.080690 0.006063 0.060168 0.146922 0.037780 0.514459 0.003265 
0.864495 0.003305 0.079792 0.008026 0.041076 0.000472 0.000472 0.002361 
0.130371 0.201660 0.005371 0.000488 0.028809 0.154785 0.071777 0.406738 
0.136905 0.522186 0.101190 0.008117 0.022186 0.181277 0.010281 0.017857 
0.422040 0.021655 0.093840 0.004331 0.027430 0.115977 0.174687 0.140038 
0.028618 0.565335 0.038337 0.021058 0.056695 0.004860 0.269438 0.015659 
0.004687 0.183854 0.083854 0.051562 0.011979 0.598437 0.023438 0.042188 
0.120672 0.042261 0.140020 0.031059 0.046334 0.567719 0.022912 0.029022 
0.015897 0.287692 0.029231 0.007692 0.006667 0.124615 0.314359 0.213846 
0.018049 0.156585 0.000488 0.003415 0.002439 0.283415 0.001463 0.534146 
0.020297 0.060891 0.020297 0.068812 0.010396 0.286634 0.117327 0.415347 
0.010650 0.489350 0.139574 0.090247 0.005045 0.262892 0.001682 0.000561 
0.077423 0.093407 0.021479 0.013487 0.001499 0.245255 0.011489 0.535964 
0.010960 0.319937 0.002610 0.000522 0.040188 0.268789 0.131002 0.225992 
0.259654 0.053354 0.001524 0.075711 0.008638 0.467988 0.122459 0.010671 
0.000526 0.176130 0.067823 0.095163 0.026814 0.507361 0.058360 0.067823 
0.252694 0.327047 0.166487 0.014547 0.003772 0.089978 0.144935 0.000539 
0.020087 0.091748 0.526059 0.038545 0.046145 0.000543 0.274159 0.002714 
0.003906 0.500558 0.157924 0.001674 0.040737 0.000558 0.290737 0.003906 
0.163234 0.234295 0.028321 0.005664 0.118950 0.052008 0.312564 0.084964 
0.004536 0.193044 0.030746 0.019657 0.074093 0.058972 0.205141 0.413810 
0.000490 0.033790 0.016161 0.032811 0.000490 0.220862 0.209109 0.486288 
0.044411 0.066367 0.129242 0.000499 0.079341 0.155190 0.065369 0.459581 
0.006835 0.157203 0.053102 0.032072 0.013144 0.426393 0.008938 0.302313 
0.158951 0.000514 0.264918 0.008745 0.000514 0.246399 0.092078 0.227881 
0.009865 0.088785 0.000519 0.099169 0.119938 0.490654 0.189512 0.001558 
0.081874 0.005664 0.001545 0.063337 0.008754 0.602987 0.134398 0.101442 
0.024841 0.247886 0.000529 0.006871 0.004757 0.298626 0.038584 0.377907 
0.010064 0.146716 0.099047 0.041843 0.029131 0.353284 0.189089 0.130826 
0.127492 0.239769 0.032004 0.004722 0.078174 0.081322 0.153725 0.282791 
0.000518 0.183938 0.006736 0.120725 0.008808 0.285492 0.254404 0.139378 
0.086979 0.120313 0.058854 0.002604 0.029687 0.307812 0.085938 0.307812 
0.074974 0.000517 0.041882 0.005688 0.200103 0.354188 0.322130 0.000517 
0.301707 0.000502 0.028614 0.009538 0.014558 0.234438 0.300703 0.109940 
0.331122 0.117857 0.053571 0.029082 0.005612 0.059694 0.070918 0.332143 
0.009586 0.048940 0.041877 0.028759 0.047931 0.092331 0.044904 0.685671 
0.607510 0.042695 0.135288 0.055041 0.000514 0.010802 0.024177 0.123971 
0.000538 0.087634 0.118817 0.029570 0.005914 0.494086 0.022043 0.241398 
0.138725 0.557851 0.244982 0.008855 0.021842 0.017119 0.000590 0.010035 
0.050699 0.439977 0.279138 0.002914 0.001748 0.105478 0.110140 0.009907 
0.190302 0.018248 0.118352 0.063087 0.026590 0.162148 0.317518 0.103754 
0.036898 0.112834 0.009091 0.001604 0.052941 0.458289 0.034759 0.293583 
0.033035 0.320829 0.005039 0.063270 0.048712 0.167413 0.202128 0.159574 
0.001641 0.151532 0.071663 0.201860 0.003829 0.206236 0.355033 0.008206 
0.022946 0.189434 0.047492 0.153148 0.010139 0.074173 0.502134 0.000534 
0.786979 0.006771 0.179688 0.010937 0.001563 0.001563 0.011979 0.000521 
0.098942 0.021693 0.007937 0.026984 0.074603 0.428042 0.085185 0.256614 
0.000546 0.187432 0.001639 0.175410 0.002732 0.366667 0.166667 0.098907 
0.000578 0.268786 0.357803 0.001734 0.019075 0.189017 0.128902 0.034104 
0.138521 0.029249 0.113135 0.084437 0.010486 0.583333 0.032561 0.008278 
0.027215 0.098719 0.047492 0.011206 0.053895 0.251334 0.065635 0.444504 
0.058856 0.161166 0.011551 0.029153 0.059956 0.381188 0.001650 0.296480 
0.159810 0.063819 0.001582 0.000527 0.026899 0.177743 0.151371 0.418249 
0.134595 0.089189 0.002703 0.075135 0.037297 0.408108 0.069730 0.183243 
0.027128 0.115426 0.001596 0.032447 0.072872 0.050532 0.649468 0.050532 
0.005344 0.369952 0.051663 0.039786 0.031473 0.421021 0.013658 0.067102 
0.000586 0.353458 0.001758 0.107268 0.048652 0.353458 0.027550 0.107268 
0.025338 0.073761 0.136824 0.061374 0.006194 0.432995 0.187500 0.076014 
0.014563 0.080367 0.231392 0.000539 0.121359 0.023193 0.000539 0.528047 
0.031857 0.004860 0.010259 0.077214 0.053456 0.408747 0.133369 0.280238 
0.103888 0.623937 0.039490 0.078372 0.007898 0.117254 0.000608 0.028554 
0.047645 0.032311 0.198795 0.001643 0.015882 0.342278 0.079409 0.282037 
0.041869 0.526092 0.159587 0.003034 0.001820 0.001820 0.157160 0.108617 
0.148971 0.055796 0.083965 0.068797 0.085049 0.014626 0.161972 0.380823 
0.000530 0.066278 0.080064 0.013256 0.001591 0.191410 0.275186 0.371686 
0.019737 0.215909 0.321172 0.011364 0.008971 0.303230 0.041268 0.078349 
0.011034 0.353659 0.001742 0.103949 0.041231 0.275842 0.138792 0.073751 
0.067284 0.598148 0.111728 0.019136 0.006790 0.029012 0.093210 0.074691 
0.000590 0.195165 0.352005 0.025354 0.096108 0.000590 0.199882 0.130307 
0.014835 0.045604 0.101648 0.034615 0.019231 0.263187 0.081868 0.439011 
0.028115 0.020397 0.171444 0.063396 0.000551 0.247519 0.001654 0.466924 
0.278502 0.021173 0.109121 0.005972 0.019001 0.037459 0.045060 0.483713 
0.036353 0.040828 0.034116 0.000559 0.044183 0.346197 0.011745 0.486018 
0.012326 0.029475 0.002680 0.032690 0.031618 0.310289 0.366024 0.214898 
0.008035 0.493820 0.182324 0.030284 0.000618 0.000618 0.272559 0.011743 
0.017554 0.015289 0.335787 0.013024 0.007361 0.242922 0.190827 0.177237 
0.090455 0.180355 0.003885 0.012764 0.044950 0.006104 0.068257 0.593230 
0.000617 0.374229 0.301480 0.064735 0.004316 0.000617 0.249692 0.004316 
0.000571 0.172000 0.006286 0.082857 0.000571 0.237143 0.181143 0.319429 
0.044326 0.134161 0.106974 0.147163 0.018322 0.495863 0.001773 0.051418 
0.826159 0.030353 0.070088 0.030353 0.008278 0.008278 0.019316 0.007174 
0.146889 0.181452 0.129608 0.085829 0.029378 0.138825 0.189516 0.098502 
0.080999 0.447625 0.001827 0.054202 0.056638 0.222290 0.080999 0.055420 
0.238610 0.032460 0.115604 0.006264 0.070046 0.370729 0.013098 0.153189 
0.015203 0.011824 0.078266 0.000563 0.025338 0.213401 0.107545 0.547860 
0.034104 0.031792 0.103468 0.034104 0.019075 0.542775 0.039884 0.194798 
0.033888 0.201546 0.112366 0.120690 0.029132 0.406064 0.018430 0.077883 
0.060658 0.007370 0.000567 0.010771 0.084467 0.387188 0.085601 0.363379 
0.029894 0.169402 0.079132 0.021688 0.040445 0.356975 0.179953 0.122509 
0.000585 0.165497 0.000585 0.018129 0.000585 0.448538 0.030994 0.335088 
0.008249 0.429569 0.234137 0.057741 0.010787 0.161802 0.088198 0.009518 
0.000638 0.426658 0.139668 0.149872 0.000638 0.244260 0.000638 0.037628 
0.009014 0.005409 0.188101 0.172476 0.000601 0.602764 0.001803 0.019832 
0.000580 0.075986 0.064385 0.050464 0.000580 0.284803 0.254640 0.268561 
0.066110 0.491014 0.054557 0.075096 0.027599 0.243261 0.000642 0.041720 
0.048963 0.002880 0.122696 0.028226 0.008641 0.279378 0.002880 0.506336 
0.048445 0.145335 0.083134 0.005383 0.000598 0.443182 0.001794 0.272129 
0.046274 0.189303 0.039062 0.113582 0.000601 0.397236 0.012620 0.201322 
0.092849 0.055940 0.159746 0.020185 0.000577 0.000577 0.002884 0.667243 
0.001873 0.427591 0.020599 0.088015 0.130462 0.255306 0.073034 0.003121 
0.047701 0.008621 0.062644 0.084483 0.063793 0.321264 0.154598 0.256897 
0.000593 0.135824 0.040925 0.147687 0.010083 0.208185 0.211744 0.244958 
0.001913 0.285077 0.116709 0.068240 0.010842 0.489158 0.000638 0.027423 
0.011995 0.272096 0.173611 0.015783 0.038510 0.047348 0.416035 0.024621 
0.064303 0.007812 0.016226 0.076322 0.031851 0.787861 0.000601 0.015024 
0.027199 0.007523 0.008681 0.000579 0.935764 0.015625 0.000579 0.004051 
0.002969 0.030285 0.018409 0.046912 0.014846 0.451900 0.077791 0.356888 
0.022672 0.188113 0.055760 0.020221 0.123162 0.352328 0.093750 0.143995 
0.006106 0.721167 0.023745 0.145862 0.050882 0.010176 0.004749 0.037313 
0.000576 0.012097 0.074309 0.000576 0.029378 0.144585 0.007488 0.730991 
0.035055 0.032595 0.246617 0.078106 0.020295 0.327798 0.201107 0.058426 
0.043660 0.159689 0.162081 0.111842 0.000598 0.037679 0.122608 0.361842 
0.008741 0.106643 0.076340 0.000583 0.118298 0.000583 0.370047 0.318765 
0.062123 0.000603 0.147768 0.054885 0.112786 0.475875 0.145356 0.000603 
0.127474 0.008731 0.070431 0.001746 0.114668 0.174040 0.219441 0.283469 
0.108952 0.051237 0.151355 0.014723 0.002945 0.190224 0.068905 0.411661 
0.146501 0.002966 0.229537 0.000593 0.118031 0.115658 0.100237 0.286477 
0.387890 0.128897 0.090528 0.000600 0.000600 0.000600 0.095324 0.295564 
0.013466 0.016979 0.117681 0.001756 0.011124 0.169204 0.093091 0.576698 
0.120474 0.146692 0.160424 0.045568 0.009363 0.215356 0.166667 0.135456 
0.152043 0.009014 0.052284 0.006611 0.034255 0.370793 0.076322 0.298678 
0.031777 0.007134 0.646563 0.000649 0.022698 0.154994 0.135538 0.000649 
0.007106 0.195736 0.140181 0.017442 0.022610 0.583333 0.013566 0.020026 
0.004581 0.000654 0.679974 0.037304 0.000654 0.210079 0.005890 0.060864 
0.043187 0.017640 0.163625 0.059002 0.085766 0.360706 0.011557 0.258516 
0.155542 0.340680 0.044710 0.025819 0.053526 0.009446 0.051008 0.319270 
0.010035 0.077332 0.000590 0.065525 0.250885 0.011216 0.436246 0.148170 
0.001911 0.218471 0.008280 0.026115 0.079618 0.382803 0.007006 0.275796 
0.344850 0.140156 0.340939 0.018905 0.038462 0.114081 0.000652 0.001956 
0.095036 0.000605 0.086562 0.075666 0.000605 0.228208 0.101090 0.412228 
0.043818 0.013806 0.036615 0.113445 0.057023 0.208283 0.520408 0.006603 
0.010278 0.004232 0.137243 0.160218 0.000605 0.166264 0.184401 0.336759 
0.156366 0.200865 0.015451 0.005562 0.014215 0.111867 0.024104 0.471570 
0.814303 0.015024 0.034255 0.011418 0.077524 0.005409 0.041466 0.000601 
0.022397 0.132567 0.016344 0.046610 0.016344 0.035714 0.013923 0.716102 
0.082877 0.447260 0.296575 0.002055 0.006164 0.022603 0.128082 0.014384 
0.125904 0.125904 0.040361 0.051205 0.050000 0.010241 0.458434 0.137952 
0.053258 0.009398 0.039474 0.080827 0.075815 0.473058 0.212406 0.055764 
0.015060 0.043976 0.003012 0.075301 0.011446 0.174096 0.676506 0.000602 
0.008398 0.056202 0.001938 0.010982 0.337855 0.530362 0.036822 0.017442 
0.050487 0.012774 0.046837 0.024939 0.003041 0.223236 0.079684 0.559002 
0.002116 0.509873 0.236248 0.020451 0.002116 0.064175 0.164316 0.000705 
0.040426 0.505674 0.178014 0.007801 0.009220 0.223404 0.031915 0.003546 
0.098652 0.027574 0.025123 0.017770 0.012868 0.202819 0.293505 0.321691 
0.034314 0.518908 0.006303 0.059524 0.042717 0.287815 0.049720 0.000700 
0.064576 0.020295 0.073186 0.000615 0.048585 0.214637 0.105166 0.472940 
0.033145 0.395628 0.294076 0.079690 0.010578 0.136107 0.019041 0.031735 
0.002158 0.625180 0.203597 0.053957 0.000719 0.036691 0.029496 0.048201 
0.012025 0.068987 0.070253 0.001899 0.137342 0.075316 0.477848 0.156329 
0.094561 0.064895 0.027812 0.029048 0.101978 0.119283 0.106922 0.455501 
0.592707 0.016687 0.084672 0.059951 0.020396 0.014215 0.011743 0.199629 
0.075777 0.065415 0.137953 0.004534 0.038212 0.422927 0.148316 0.106865 
0.038613 0.077880 0.159031 0.070026 0.034686 0.401178 0.034686 0.183901 
0.012354 0.109883 0.098179 0.203511 0.001951 0.418075 0.000650 0.155397 
0.082918 0.051746 0.142768 0.005611 0.009352 0.135287 0.086658 0.485661 
0.700448 0.001680 0.000560 0.000560 0.009518 0.000560 0.194289 0.092385 
0.208827 0.169302 0.011199 0.058630 0.073123 0.362978 0.115283 0.000659 
0.353954 0.004464 0.140944 0.050383 0.080995 0.267219 0.000638 0.101403 
0.006910 0.055905 0.070980 0.011935 0.060930 0.094849 0.166457 0.532035 
0.094251 0.300134 0.002005 0.066176 0.087567 0.194519 0.011364 0.243984 
0.017532 0.286816 0.379383 0.000701 0.039972 0.229313 0.030154 0.016129 
0.004788 0.292066 0.010260 0.074555 0.017100 0.479480 0.029412 0.092339 
0.065499 0.036965 0.154994 0.039559 0.004540 0.206874 0.014916 0.476654 
0.056494 0.024026 0.192857 0.001948 0.030519 0.250000 0.026623 0.417532 
0.001921 0.026248 0.022407 0.013444 0.074904 0.352753 0.110755 0.397567 
0.010719 0.004414 0.011980 0.122951 0.009458 0.358764 0.290668 0.191047 
0.034282 0.047219 0.039457 0.000647 0.048512 0.256792 0.012290 0.560802 
0.003634 0.595203 0.071948 0.089390 0.093750 0.026890 0.118459 0.000727 
0.063648 0.158136 0.087270 0.024278 0.025591 0.112205 0.080709 0.448163 
0.359056 0.019770 0.005740 0.084821 0.158801 0.003189 0.272321 0.096301 
0.033619 0.116595 0.641631 0.032189 0.009299 0.017883 0.020744 0.128040 
0.056494 0.000649 0.137013 0.043506 0.001948 0.183766 0.016234 0.560390 
0.100871 0.505806 0.145864 0.006531 0.007983 0.050073 0.145864 0.037010 
0.024968 0.067222 0.081306 0.060819 0.030090 0.062100 0.045455 0.628041 
0.310414 0.204940 0.000668 0.118158 0.000668 0.208945 0.000668 0.155541 
0.001916 0.014687 0.054278 0.004470 0.063218 0.179438 0.409323 0.272669 
0.114023 0.119688 0.336402 0.033286 0.012040 0.274079 0.006374 0.104108 
0.036184 0.001974 0.162500 0.044079 0.044079 0.253289 0.144079 0.313816 
0.021893 0.002119 0.584040 0.030367 0.086864 0.117938 0.010593 0.146186 
0.048956 0.050261 0.021540 0.011097 0.157311 0.162533 0.264360 0.283943 
0.045817 0.051129 0.098938 0.004648 0.004648 0.233068 0.104250 0.457503 
0.013630 0.005022 0.700861 0.005022 0.068149 0.157102 0.029412 0.020803 
0.141599 0.287940 0.000678 0.002033 0.069783 0.080623 0.133469 0.283875 
0.074616 0.262901 0.154114 0.141562 0.035565 0.122036 0.080195 0.129010 
0.002104 0.246143 0.118513 0.002104 0.066620 0.004909 0.390603 0.169004 
0.109598 0.038262 0.017510 0.000649 0.114786 0.116083 0.022698 0.580415 
0.021610 0.234724 0.435917 0.066319 0.018629 0.195976 0.006706 0.020119 
0.000671 0.113423 0.078523 0.002013 0.051678 0.326846 0.200671 0.226174 
0.134673 0.536458 0.143601 0.073661 0.000744 0.005208 0.009673 0.095982 
0.000677 0.190122 0.010149 0.037212 0.018268 0.259134 0.422869 0.061570 
0.018302 0.000732 0.663982 0.006589 0.043192 0.226208 0.040264 0.000732 
0.094828 0.163793 0.062997 0.035146 0.060345 0.000663 0.012599 0.569629 
0.006365 0.303395 0.000707 0.132249 0.016266 0.365629 0.170438 0.004950 
0.015818 0.212517 0.000688 0.090096 0.043329 0.242779 0.095598 0.299175 
0.011486 0.115541 0.072297 0.056081 0.000676 0.238514 0.187162 0.318243 
0.024929 0.248575 0.013533 0.148860 0.006410 0.449430 0.106125 0.002137 
0.044254 0.082563 0.032365 0.021797 0.015192 0.013871 0.321664 0.468296 
0.178279 0.011612 0.022541 0.081284 0.092213 0.500683 0.097678 0.015710 
0.139716 0.219149 0.135461 0.148227 0.000709 0.176596 0.002128 0.178014 
0.080842 0.027853 0.219429 0.031929 0.008832 0.122962 0.010190 0.497962 
0.014583 0.131250 0.038194 0.145139 0.099306 0.359028 0.064583 0.147917 
0.072861 0.002005 0.135695 0.002005 0.010027 0.209225 0.222594 0.345588 
0.042153 0.000649 0.001946 0.213359 0.055123 0.013619 0.647860 0.025292 
0.076058 0.021825 0.042989 0.005952 0.106481 0.077381 0.054894 0.614418 
0.162256 0.075905 0.124652 0.067549 0.099582 0.240251 0.222145 0.007660 
0.157652 0.045515 0.000660 0.182718 0.408311 0.001979 0.190633 0.012533 
0.108425 0.050414 0.036602 0.075276 0.072514 0.209254 0.438536 0.008978 
0.038630 0.328717 0.010933 0.037172 0.029883 0.322886 0.180029 0.051749 
0.082242 0.373362 0.000728 0.069141 0.002183 0.251092 0.035662 0.185590 
0.005109 0.289781 0.013869 0.165693 0.009489 0.466423 0.027007 0.022628 
0.021648 0.030028 0.151536 0.021648 0.056564 0.400140 0.154330 0.164106 
0.117361 0.228472 0.014583 0.077083 0.064583 0.177083 0.082639 0.238194 
0.083556 0.010027 0.008690 0.007353 0.002005 0.302807 0.264037 0.321524 
0.128111 0.060761 0.599561 0.002196 0.161786 0.009517 0.027086 0.010981 
0.252489 0.165718 0.004979 0.026316 0.032006 0.313656 0.022048 0.182788 
0.012978 0.063525 0.033470 0.034836 0.040301 0.239754 0.099044 0.476093 
0.002083 0.147917 0.002083 0.104861 0.004861 0.335417 0.179861 0.222917 
0.010108 0.008760 0.239218 0.034367 0.062668 0.003369 0.085580 0.555930 
0.281507 0.047260 0.002055 0.063699 0.002055 0.459589 0.139041 0.004795 
0.032138 0.154709 0.495516 0.041106 0.008221 0.056054 0.187593 0.024664 
0.241588 0.028937 0.051817 0.132571 0.003365 0.100269 0.133917 0.307537 
0.043448 0.055862 0.018621 0.043448 0.069655 0.345517 0.022759 0.400690 
0.015108 0.203597 0.029496 0.089928 0.115827 0.373381 0.167626 0.005036 
0.552885 0.073489 0.052885 0.000687 0.048764 0.114698 0.004808 0.151786 
0.002119 0.085452 0.002119 0.157486 0.187147 0.266243 0.284605 0.014831 
0.085331 0.007757 0.153032 0.064175 0.059944 0.289845 0.062764 0.277151 
0.009286 0.055000 0.072143 0.136429 0.000714 0.400714 0.189286 0.136429 
0.018934 0.072230 0.000701 0.156381 0.002104 0.380785 0.359748 0.009116 
0.082278 0.059775 0.114627 0.083685 0.035865 0.349508 0.072433 0.201828 
0.002392 0.672249 0.077352 0.144338 0.005582 0.026316 0.037480 0.034290 
0.064583 0.021528 0.164583 0.061806 0.138194 0.100694 0.189583 0.259028 
0.000717 0.079627 0.128407 0.243185 0.043759 0.244620 0.101148 0.158537 
0.428859 0.003356 0.011409 0.053020 0.003356 0.197987 0.294631 0.007383 
0.089708 0.029903 0.002086 0.035466 0.009040 0.303894 0.221836 0.308067 
0.225874 0.051049 0.011888 0.013287 0.030070 0.100000 0.094406 0.473427 
0.114509 0.053343 0.053343 0.161451 0.027738 0.151494 0.074680 0.363442 
0.072263 0.124818 0.142336 0.000730 0.117518 0.222628 0.053285 0.266423 
0.097301 0.138494 0.102983 0.074574 0.017756 0.022017 0.057528 0.489347 
0.113701 0.000706 0.158898 0.069915 0.003531 0.240819 0.219633 0.192797 
0.015284 0.146288 0.057496 0.064774 0.018195 0.169578 0.302038 0.226346 
0.089286 0.322205 0.201087 0.045807 0.014752 0.230590 0.019410 0.076863 
0.022367 0.129149 0.002165 0.095960 0.019481 0.306638 0.052670 0.371573 
0.031656 0.573864 0.168019 0.000812 0.155032 0.013799 0.028409 0.028409 
0.084879 0.140514 0.070613 0.052068 0.014979 0.090585 0.056348 0.490014 
0.230609 0.054709 0.043629 0.025623 0.004848 0.004848 0.158587 0.477147 
0.055791 0.040254 0.181497 0.130650 0.000706 0.003531 0.230932 0.356638 
0.178052 0.034157 0.023983 0.025436 0.051599 0.599564 0.083576 0.003634 
0.045727 0.168666 0.005247 0.029235 0.014243 0.327586 0.164168 0.245127 
0.159157 0.156250 0.053052 0.144622 0.016715 0.009448 0.173692 0.287064 
0.094193 0.016289 0.060198 0.027620 0.216006 0.012040 0.563031 0.010623 
0.095339 0.027542 0.141949 0.016243 0.057203 0.045904 0.057203 0.558616 
0.112974 0.076531 0.131924 0.155248 0.000729 0.220845 0.085277 0.216472 
0.000755 0.166918 0.002266 0.109517 0.000755 0.535498 0.079305 0.104985 
0.007414 0.640033 0.042010 0.152389 0.045305 0.060132 0.048600 0.004119 
0.006429 0.102143 0.016429 0.007857 0.133571 0.002143 0.152143 0.579286 
0.011962 0.311802 0.181021 0.107656 0.016746 0.192185 0.177831 0.000797 
0.003650 0.091241 0.027007 0.117518 0.075182 0.243066 0.196350 0.245985 
0.009339 0.016523 0.309626 0.002155 0.056753 0.013649 0.000718 0.591236 
0.032428 0.141026 0.012821 0.124434 0.030920 0.388386 0.071644 0.198341 
0.444529 0.221125 0.126900 0.015957 0.012918 0.006839 0.009878 0.161854 
0.170354 0.109882 0.108407 0.008112 0.055310 0.019912 0.003687 0.524336 
0.708870 0.009299 0.092275 0.042203 0.032189 0.003577 0.002146 0.109442 
0.113377 0.477162 0.119902 0.160685 0.007341 0.097064 0.022023 0.002447 
0.022929 0.008136 0.401627 0.012574 0.036243 0.102811 0.000740 0.414941 
0.159794 0.208395 0.008100 0.003682 0.040501 0.034610 0.268778 0.276141 
0.035819 0.021199 0.148392 0.076754 0.013889 0.241959 0.220029 0.241959 
0.012918 0.094985 0.003799 0.175532 0.043313 0.578267 0.090426 0.000760 
0.385901 0.060320 0.058866 0.117006 0.018169 0.172238 0.035610 0.151890 
0.020559 0.576480 0.074836 0.201480 0.002467 0.043586 0.074836 0.005757 
0.125578 0.324345 0.033128 0.014638 0.130200 0.048536 0.293529 0.030046 
0.668707 0.002041 0.000680 0.015646 0.002041 0.004762 0.304082 0.002041 
0.246544 0.000768 0.137481 0.123656 0.002304 0.484639 0.003840 0.000768 
0.026316 0.199248 0.011278 0.000752 0.045865 0.054887 0.247368 0.414286 
0.003671 0.018355 0.035977 0.056535 0.200441 0.116740 0.445668 0.122614 
0.034457 0.002199 0.076979 0.159091 0.008065 0.269062 0.211877 0.238270 
0.057918 0.003666 0.166422 0.142962 0.009531 0.160557 0.210411 0.248534 
0.009306 0.467851 0.102369 0.242809 0.012690 0.136210 0.002538 0.026227 
0.006923 0.253077 0.000769 0.306923 0.077692 0.013077 0.216154 0.125385 
0.058179 0.567454 0.069983 0.118887 0.036256 0.012648 0.034570 0.102024 
0.097692 0.062308 0.136154 0.033077 0.040769 0.328462 0.137692 0.163846 
0.211424 0.058605 0.109050 0.003709 0.014095 0.000742 0.120920 0.481454 
0.174401 0.044162 0.117515 0.042665 0.063623 0.165419 0.207335 0.184880 
0.005700 0.008958 0.681596 0.012215 0.056189 0.078990 0.116450 0.039902 
0.053571 0.415816 0.244048 0.017857 0.068878 0.128401 0.046769 0.024660 
0.007009 0.221963 0.092679 0.209502 0.027259 0.245327 0.028816 0.167445 
0.182870 0.195216 0.005401 0.048611 0.002315 0.161265 0.011574 0.392747 
0.009848 0.100758 0.103788 0.037121 0.140152 0.015909 0.341667 0.250758 
0.269466 0.055725 0.017557 0.168702 0.000763 0.274046 0.115267 0.098473 
0.064167 0.009167 0.775833 0.000833 0.055833 0.015833 0.027500 0.050833 
0.393964 0.354812 0.000816 0.023654 0.000816 0.018760 0.000816 0.206362 
0.071108 0.003743 0.041168 0.089072 0.000749 0.156437 0.184880 0.452844 
0.005319 0.000760 0.035714 0.028116 0.301672 0.242401 0.210486 0.175532 
0.005319 0.022036 0.163374 0.003799 0.028116 0.192249 0.026596 0.558511 
0.058780 0.000744 0.029018 0.008185 0.072173 0.213542 0.101935 0.515625 
0.145770 0.056647 0.064199 0.005287 0.021903 0.194109 0.135196 0.376888 
0.129247 0.012555 0.022895 0.011078 0.016987 0.141064 0.037666 0.628508 
0.074451 0.124608 0.071317 0.057210 0.096395 0.138715 0.411442 0.025862 
0.080357 0.140422 0.034903 0.000812 0.049513 0.531656 0.021916 0.140422 
0.007389 0.232348 0.091133 0.133826 0.061576 0.440887 0.028736 0.004105 
0.134127 0.264286 0.100794 0.113492 0.000794 0.015079 0.162698 0.208730 
0.008359 0.035714 0.081307 0.003799 0.064590 0.096505 0.000760 0.708967 
0.072630 0.061927 0.124618 0.116972 0.173547 0.046636 0.118502 0.285168 
0.031108 0.052352 0.085736 0.002276 0.035660 0.147951 0.015933 0.628983 
0.086555 0.014286 0.686555 0.078151 0.000840 0.015966 0.039496 0.078151 
0.058775 0.174669 0.278974 0.186258 0.002483 0.043874 0.252483 0.002483 
0.065284 0.154378 0.033026 0.000768 0.036098 0.069892 0.102151 0.538402 
0.082562 0.040895 0.002315 0.000772 0.064043 0.290895 0.073302 0.445216 
0.002344 0.030469 0.041406 0.000781 0.194531 0.402344 0.160156 0.167969 
0.112825 0.284903 0.002435 0.268669 0.005682 0.129058 0.025162 0.171266 
0.002427 0.139968 0.023463 0.186893 0.055825 0.572006 0.018608 0.000809 
0.062791 0.106202 0.121705 0.010078 0.115504 0.042636 0.055039 0.486047 
0.106532 0.036547 0.146967 0.181182 0.045879 0.140747 0.265163 0.076983 
0.000853 0.526451 0.017918 0.238055 0.002560 0.130546 0.024744 0.058874 
0.270376 0.047806 0.149687 0.000784 0.094828 0.068182 0.002351 0.365987 
0.066303 0.088144 0.000780 0.184867 0.005460 0.364275 0.287832 0.002340 
0.062693 0.020898 0.067337 0.008514 0.124613 0.172601 0.311920 0.231424 
0.018650 0.610124 0.004440 0.210480 0.004440 0.116341 0.006217 0.029307 
0.103968 0.021429 0.178571 0.253175 0.018254 0.157937 0.127778 0.138889 
0.000801 0.213942 0.024840 0.079327 0.002404 0.106571 0.278045 0.294071 
0.067353 0.061014 0.145008 0.081616 0.016640 0.267036 0.046751 0.314580 
0.065588 0.024702 0.494889 0.011073 0.011073 0.316014 0.060477 0.016184 
0.168644 0.100847 0.490678 0.002542 0.094068 0.017797 0.124576 0.000847 
0.138136 0.282203 0.338136 0.027966 0.026271 0.097458 0.002542 0.087288 
0.218799 0.082938 0.002370 0.027646 0.027646 0.209321 0.082938 0.348341 
0.005582 0.027911 0.002392 0.131579 0.062998 0.300638 0.436204 0.032695 
0.108730 0.072222 0.000794 0.013492 0.272222 0.157937 0.051587 0.323016 
0.564857 0.015837 0.033937 0.166667 0.052036 0.026395 0.139517 0.000754 
0.241652 0.601933 0.000879 0.028998 0.044815 0.000879 0.079965 0.000879 
0.143927 0.010815 0.232113 0.004160 0.062396 0.345258 0.074043 0.127288 
0.015625 0.165296 0.028783 0.189967 0.005757 0.415296 0.041941 0.137336 
